70	313	4
82	313	4
94	278	4
105	319	4
117	299	4
128	273	4
140	325	4
152	307	4
163	312	4
175	343	4
186	316	4
198	327	4
209	256	4
221	214	4
233	328	4
244	281	4
256	301	4
267	291	4
279	317	4
290	348	4
302	297	4
314	343	4
325	329	4
337	316	4
348	346	4
360	301	4
372	323	4
383	311	4
395	324	4
406	319	4
418	285	4
429	277	4
441	275	4
453	312	4
464	321	4
476	261	4
487	310	4
499	323	4
510	319	4
522	334	4
534	310	4
545	332	4
557	342	4
568	289	4
580	306	4
592	278	4
603	300	4
615	304	4
626	279	4
638	330	4
649	289	4
661	328	4
673	345	4
684	215	4
696	338	4
707	323	4
719	275	4
730	293	4
