70	327	4
74	296	4
77	330	4
80	325	4
83	302	4
86	310	4
89	319	4
92	296	4
95	300	4
98	281	4
101	297	4
104	314	4
107	306	4
110	290	4
113	288	4
116	326	4
119	322	4
122	296	4
125	303	4
128	303	4
131	306	4
134	303	4
137	299	4
140	317	4
143	307	4
146	314	4
149	320	4
152	297	4
155	318	4
158	292	4
161	305	4
164	279	4
167	304	4
170	349	4
173	286	4
176	354	4
179	270	4
183	301	4
186	342	4
189	331	4
192	321	4
195	329	4
198	321	4
201	307	4
204	295	4
207	297	4
210	296	4
213	298	4
216	307	4
219	341	4
222	313	4
225	320	4
228	301	4
231	301	4
234	321	4
237	312	4
240	291	4
243	307	4
246	310	4
249	279	4
252	313	4
255	305	4
258	310	4
261	292	4
264	301	4
267	307	4
270	339	4
273	313	4
276	284	4
279	313	4
282	307	4
285	265	4
288	314	4
292	281	4
295	309	4
298	324	4
301	294	4
304	313	4
307	347	4
310	304	4
313	284	4
316	297	4
319	323	4
322	277	4
325	335	4
328	315	4
331	297	4
334	296	4
337	297	4
340	276	4
343	300	4
346	295	4
349	338	4
352	313	4
355	339	4
358	285	4
361	302	4
364	293	4
367	291	4
370	303	4
373	316	4
376	339	4
379	336	4
382	291	4
385	283	4
388	284	4
391	289	4
394	321	4
397	335	4
400	291	4
404	304	4
407	322	4
410	295	4
413	314	4
416	305	4
419	319	4
422	295	4
425	313	4
428	315	4
431	320	4
434	318	4
437	315	4
440	318	4
443	303	4
446	322	4
449	312	4
452	314	4
455	315	4
458	266	4
461	291	4
464	316	4
467	318	4
470	333	4
473	295	4
476	297	4
479	303	4
482	333	4
485	327	4
488	302	4
491	299	4
494	282	4
497	303	4
500	299	4
503	312	4
506	326	4
509	326	4
513	305	4
516	321	4
519	319	4
522	293	4
525	282	4
528	306	4
531	285	4
534	304	4
537	282	4
540	321	4
543	304	4
546	307	4
549	310	4
552	320	4
555	303	4
558	292	4
561	297	4
564	308	4
567	278	4
570	302	4
573	293	4
576	304	4
579	296	4
582	273	4
585	309	4
588	318	4
591	287	4
594	286	4
597	287	4
600	310	4
603	297	4
606	299	4
609	301	4
612	309	4
615	298	4
618	314	4
622	292	4
625	311	4
628	321	4
631	303	4
634	324	4
637	317	4
640	303	4
643	300	4
646	303	4
649	363	4
652	303	4
655	306	4
658	308	4
661	320	4
664	292	4
667	306	4
670	315	4
673	328	4
676	289	4
679	285	4
682	288	4
685	314	4
688	283	4
691	305	4
694	291	4
697	316	4
700	309	4
703	301	4
706	312	4
709	304	4
712	298	4
715	323	4
718	285	4
721	348	4
724	300	4
727	273	4
730	316	4
