70	322	4
75	307	4
80	275	4
84	336	4
89	314	4
93	312	4
98	275	4
103	337	4
107	309	4
112	302	4
116	323	4
121	305	4
125	313	4
130	328	4
135	315	4
139	291	4
144	278	4
148	307	4
153	294	4
158	314	4
162	309	4
167	318	4
171	324	4
176	312	4
180	308	4
185	313	4
190	314	4
194	300	4
199	306	4
203	298	4
208	317	4
213	337	4
217	328	4
222	310	4
226	325	4
231	313	4
235	332	4
240	336	4
245	285	4
249	333	4
254	328	4
258	320	4
263	311	4
268	315	4
272	276	4
277	301	4
281	331	4
286	314	4
290	303	4
295	341	4
300	321	4
304	295	4
309	301	4
313	328	4
318	315	4
323	310	4
327	319	4
332	351	4
336	307	4
341	328	4
345	302	4
350	327	4
355	294	4
359	301	4
364	286	4
368	312	4
373	319	4
378	287	4
382	312	4
387	317	4
391	304	4
396	312	4
400	331	4
405	310	4
410	280	4
414	295	4
419	324	4
423	299	4
428	311	4
433	320	4
437	313	4
442	301	4
446	317	4
451	328	4
455	329	4
460	357	4
465	307	4
469	306	4
474	344	4
478	357	4
483	297	4
488	301	4
492	306	4
497	306	4
501	312	4
506	323	4
510	308	4
515	322	4
520	309	4
524	296	4
529	324	4
533	299	4
538	301	4
543	311	4
547	324	4
552	314	4
556	321	4
561	317	4
565	311	4
570	294	4
575	286	4
579	324	4
584	310	4
588	320	4
593	327	4
598	331	4
602	313	4
607	311	4
611	300	4
616	297	4
620	326	4
625	342	4
630	291	4
634	314	4
639	284	4
643	273	4
648	289	4
653	312	4
657	323	4
662	309	4
666	325	4
671	270	4
675	307	4
680	302	4
685	275	4
689	297	4
694	321	4
698	311	4
703	295	4
708	298	4
712	294	4
717	311	4
721	310	4
726	294	4
730	303	4
