70	325	4
74	319	4
77	286	4
80	312	4
83	288	4
86	314	4
89	324	4
92	307	4
95	301	4
98	301	4
101	308	4
104	318	4
107	328	4
110	310	4
113	297	4
116	296	4
119	295	4
122	310	4
125	313	4
129	310	4
132	269	4
135	365	4
138	319	4
141	313	4
144	307	4
147	304	4
150	325	4
153	338	4
156	313	4
159	328	4
162	307	4
165	324	4
168	332	4
171	332	4
174	300	4
177	307	4
180	315	4
184	309	4
187	300	4
190	309	4
193	308	4
196	329	4
199	316	4
202	327	4
205	308	4
208	302	4
211	316	4
214	313	4
217	311	4
220	319	4
223	312	4
226	318	4
229	297	4
232	310	4
235	318	4
239	310	4
242	312	4
245	293	4
248	297	4
251	291	4
254	304	4
257	292	4
260	280	4
263	326	4
266	303	4
269	307	4
272	315	4
275	299	4
278	321	4
281	308	4
284	317	4
287	316	4
290	272	4
294	289	4
297	294	4
300	292	4
303	313	4
306	306	4
309	317	4
312	294	4
315	285	4
318	295	4
321	290	4
324	309	4
327	303	4
330	335	4
333	296	4
336	294	4
339	310	4
342	308	4
345	296	4
349	312	4
352	291	4
355	319	4
358	326	4
361	302	4
364	327	4
367	303	4
370	321	4
373	316	4
376	328	4
379	302	4
382	309	4
385	348	4
388	335	4
391	330	4
394	323	4
397	322	4
400	313	4
404	295	4
407	327	4
410	320	4
413	309	4
416	289	4
419	302	4
422	314	4
425	325	4
428	351	4
431	325	4
434	352	4
437	342	4
440	344	4
443	335	4
446	315	4
449	317	4
452	311	4
455	315	4
459	324	4
462	337	4
465	300	4
468	305	4
471	296	4
474	325	4
477	299	4
480	310	4
483	282	4
486	299	4
489	306	4
492	333	4
495	314	4
498	292	4
501	313	4
504	323	4
507	300	4
510	317	4
514	330	4
517	306	4
520	333	4
523	305	4
526	318	4
529	309	4
532	318	4
535	313	4
538	319	4
541	269	4
544	332	4
547	305	4
550	279	4
553	326	4
556	329	4
559	317	4
562	315	4
565	305	4
569	325	4
572	313	4
575	335	4
578	315	4
581	329	4
584	327	4
587	293	4
590	344	4
593	325	4
596	323	4
599	323	4
602	336	4
605	323	4
608	308	4
611	303	4
614	302	4
617	315	4
620	345	4
624	327	4
627	329	4
630	333	4
633	302	4
636	319	4
639	301	4
642	306	4
645	300	4
648	313	4
651	306	4
654	311	4
657	289	4
660	312	4
663	312	4
666	330	4
669	298	4
672	320	4
675	306	4
679	288	4
682	278	4
685	310	4
688	332	4
691	324	4
694	300	4
697	333	4
700	307	4
703	359	4
706	302	4
709	315	4
712	293	4
715	319	4
718	307	4
721	295	4
724	326	4
727	315	4
730	320	4
