70	317	4
78	300	4
85	300	4
92	281	4
99	299	4
106	313	4
113	297	4
120	301	4
127	321	4
134	317	4
141	316	4
148	298	4
155	310	4
162	326	4
169	320	4
176	306	4
183	309	4
190	310	4
197	293	4
204	295	4
211	328	4
218	325	4
225	324	4
232	318	4
239	335	4
246	313	4
253	297	4
260	277	4
267	305	4
274	332	4
281	307	4
288	298	4
295	328	4
302	307	4
309	324	4
316	318	4
323	308	4
330	306	4
337	309	4
344	277	4
351	295	4
358	303	4
365	305	4
372	295	4
379	312	4
386	291	4
393	249	4
400	321	4
408	302	4
415	316	4
422	317	4
429	305	4
436	296	4
443	290	4
450	302	4
457	323	4
464	309	4
471	283	4
478	299	4
485	308	4
492	294	4
499	306	4
506	314	4
513	315	4
520	317	4
527	305	4
534	315	4
541	306	4
548	318	4
555	314	4
562	316	4
569	331	4
576	302	4
583	307	4
590	310	4
597	316	4
604	315	4
611	329	4
618	307	4
625	311	4
632	293	4
639	292	4
646	330	4
653	298	4
660	305	4
667	325	4
674	320	4
681	306	4
688	301	4
695	287	4
702	316	4
709	304	4
716	310	4
723	303	4
730	311	4
