70	269	4
74	309	4
77	326	4
81	346	4
84	330	4
87	364	4
91	288	4
94	326	4
98	290	4
101	350	4
104	351	4
108	338	4
111	368	4
114	355	4
118	357	4
121	311	4
125	347	4
128	341	4
131	337	4
135	334	4
138	334	4
142	334	4
145	347	4
148	352	4
152	341	4
155	286	4
158	270	4
162	362	4
165	361	4
169	318	4
172	302	4
175	313	4
179	293	4
182	330	4
186	342	4
189	311	4
192	247	4
196	320	4
199	251	4
202	257	4
206	240	4
209	347	4
213	248	4
216	258	4
219	297	4
223	308	4
226	321	4
230	282	4
233	317	4
236	365	4
240	331	4
243	299	4
246	302	4
250	303	4
253	325	4
257	350	4
260	383	4
263	312	4
267	300	4
270	265	4
274	295	4
277	355	4
280	314	4
284	402	4
287	294	4
290	256	4
294	326	4
297	320	4
301	353	4
304	317	4
307	365	4
311	363	4
314	329	4
318	303	4
321	312	4
324	367	4
328	314	4
331	341	4
334	333	4
338	305	4
341	302	4
345	341	4
348	301	4
351	315	4
355	280	4
358	399	4
362	283	4
365	328	4
368	336	4
372	357	4
375	325	4
378	295	4
382	347	4
385	340	4
389	344	4
392	320	4
395	327	4
399	335	4
402	337	4
406	305	4
409	313	4
412	341	4
416	324	4
419	267	4
422	321	4
426	363	4
429	263	4
433	329	4
436	335	4
439	331	4
443	333	4
446	344	4
450	338	4
453	335	4
456	356	4
460	312	4
463	320	4
466	344	4
470	324	4
473	356	4
477	340	4
480	311	4
483	296	4
487	313	4
490	332	4
494	347	4
497	344	4
500	310	4
504	365	4
507	366	4
510	306	4
514	300	4
517	349	4
521	370	4
524	288	4
527	374	4
531	410	4
534	355	4
538	321	4
541	306	4
544	359	4
548	350	4
551	207	4
554	313	4
558	341	4
561	376	4
565	321	4
568	309	4
571	296	4
575	306	4
578	318	4
582	355	4
585	352	4
588	280	4
592	363	4
595	205	4
598	363	4
602	360	4
605	243	4
609	186	4
612	368	4
615	338	4
619	325	4
622	220	4
626	331	4
629	321	4
632	306	4
636	295	4
639	312	4
642	287	4
646	302	4
649	297	4
653	328	4
656	303	4
659	295	4
663	329	4
666	294	4
670	294	4
673	305	4
676	306	4
680	328	4
683	332	4
686	321	4
690	316	4
693	306	4
697	308	4
700	295	4
703	300	4
707	319	4
710	355	4
714	307	4
717	319	4
720	328	4
724	381	4
727	277	4
730	341	4
