70	316	4
73	312	4
76	306	4
79	299	4
82	327	4
85	320	4
88	295	4
91	292	4
94	292	4
97	334	4
100	301	4
103	312	4
106	276	4
109	309	4
112	288	4
115	299	4
118	289	4
121	305	4
124	347	4
127	306	4
130	304	4
133	321	4
136	303	4
139	292	4
142	305	4
145	313	4
148	279	4
151	297	4
154	310	4
157	301	4
160	298	4
163	326	4
166	322	4
169	305	4
172	337	4
175	323	4
178	343	4
181	296	4
184	320	4
187	330	4
190	300	4
193	293	4
196	339	4
199	283	4
202	313	4
205	300	4
208	296	4
211	293	4
214	332	4
217	295	4
220	316	4
223	298	4
226	292	4
229	324	4
232	312	4
235	291	4
238	321	4
241	291	4
244	300	4
247	282	4
250	300	4
253	282	4
256	296	4
259	296	4
262	336	4
265	343	4
268	323	4
271	296	4
274	328	4
277	305	4
280	318	4
283	310	4
286	294	4
289	299	4
291	313	4
294	292	4
297	272	4
300	326	4
303	303	4
306	324	4
309	307	4
312	309	4
315	333	4
318	324	4
321	334	4
324	318	4
327	304	4
330	308	4
333	306	4
336	320	4
339	293	4
342	251	4
345	234	4
348	329	4
351	316	4
354	303	4
357	316	4
360	344	4
363	327	4
366	307	4
369	298	4
372	309	4
375	311	4
378	321	4
381	314	4
384	312	4
387	316	4
390	323	4
393	292	4
396	302	4
399	315	4
402	290	4
405	310	4
408	287	4
411	301	4
414	305	4
417	326	4
420	295	4
423	295	4
426	306	4
429	312	4
432	315	4
435	297	4
438	301	4
441	309	4
444	303	4
447	277	4
450	301	4
453	298	4
456	304	4
459	281	4
462	318	4
465	315	4
468	299	4
471	312	4
474	319	4
477	305	4
480	331	4
483	293	4
486	294	4
489	304	4
492	298	4
495	315	4
498	315	4
501	324	4
504	298	4
507	298	4
510	313	4
512	316	4
515	344	4
518	296	4
521	302	4
524	307	4
527	325	4
530	324	4
533	326	4
536	293	4
539	300	4
542	288	4
545	292	4
548	280	4
551	282	4
554	315	4
557	304	4
560	320	4
563	298	4
566	304	4
569	319	4
572	280	4
575	297	4
578	308	4
581	314	4
584	331	4
587	316	4
590	310	4
593	294	4
596	274	4
599	316	4
602	322	4
605	315	4
608	303	4
611	302	4
614	310	4
617	301	4
620	264	4
623	291	4
626	320	4
629	322	4
632	295	4
635	294	4
638	318	4
641	312	4
644	322	4
647	343	4
650	289	4
653	314	4
656	304	4
659	301	4
662	296	4
665	316	4
668	300	4
671	291	4
674	303	4
677	317	4
680	332	4
683	316	4
686	314	4
689	327	4
692	296	4
695	301	4
698	294	4
701	308	4
704	307	4
707	307	4
710	280	4
713	338	4
716	276	4
719	310	4
722	301	4
725	304	4
728	294	4
730	289	4
