70	331	4
73	337	4
76	337	4
79	326	4
81	291	4
84	322	4
87	314	4
90	336	4
92	318	4
95	337	4
98	286	4
101	305	4
103	299	4
106	313	4
109	302	4
112	305	4
114	319	4
117	323	4
120	346	4
123	308	4
125	278	4
128	328	4
131	296	4
133	312	4
136	313	4
139	311	4
142	294	4
144	321	4
147	327	4
150	304	4
153	308	4
155	319	4
158	287	4
161	359	4
164	329	4
166	352	4
169	310	4
172	325	4
175	338	4
177	297	4
180	336	4
183	325	4
185	303	4
188	311	4
191	311	4
194	320	4
196	308	4
199	312	4
202	329	4
205	315	4
207	314	4
210	338	4
213	260	4
216	312	4
218	309	4
221	335	4
224	291	4
227	308	4
229	326	4
232	302	4
235	334	4
238	321	4
240	328	4
243	326	4
246	359	4
248	322	4
251	330	4
254	325	4
257	298	4
259	335	4
262	324	4
265	303	4
268	317	4
270	305	4
273	312	4
276	296	4
279	300	4
281	301	4
284	335	4
287	284	4
290	313	4
292	300	4
295	297	4
298	297	4
300	330	4
303	281	4
306	315	4
309	325	4
311	321	4
314	299	4
317	325	4
320	306	4
322	305	4
325	317	4
328	351	4
331	263	4
333	330	4
336	300	4
339	300	4
342	327	4
344	309	4
347	297	4
350	299	4
352	305	4
355	308	4
358	336	4
361	301	4
363	322	4
366	305	4
369	317	4
372	333	4
374	326	4
377	335	4
380	337	4
383	338	4
385	322	4
388	325	4
391	325	4
394	314	4
396	304	4
399	327	4
402	298	4
404	319	4
407	312	4
410	321	4
413	301	4
415	306	4
418	307	4
421	295	4
424	313	4
426	293	4
429	309	4
432	330	4
435	320	4
437	287	4
440	296	4
443	295	4
446	336	4
448	321	4
451	360	4
454	349	4
457	323	4
459	341	4
462	311	4
465	319	4
467	292	4
470	314	4
473	305	4
476	307	4
478	327	4
481	292	4
484	336	4
487	330	4
489	344	4
492	320	4
495	332	4
498	326	4
500	318	4
503	295	4
506	289	4
509	337	4
511	295	4
514	344	4
517	330	4
519	324	4
522	343	4
525	334	4
528	279	4
530	309	4
533	331	4
536	320	4
539	293	4
541	293	4
544	328	4
547	313	4
550	325	4
552	312	4
555	346	4
558	338	4
561	339	4
563	325	4
566	321	4
569	366	4
571	340	4
574	361	4
577	288	4
580	297	4
582	316	4
585	285	4
588	327	4
591	370	4
593	320	4
596	340	4
599	349	4
602	290	4
604	310	4
607	322	4
610	314	4
613	318	4
615	332	4
618	313	4
621	302	4
624	339	4
626	345	4
629	305	4
632	312	4
634	311	4
637	284	4
640	299	4
643	334	4
645	312	4
648	313	4
651	298	4
654	336	4
656	303	4
659	325	4
662	296	4
665	305	4
667	312	4
670	304	4
673	302	4
676	294	4
678	359	4
681	351	4
684	345	4
686	335	4
689	310	4
692	345	4
695	307	4
697	304	4
700	312	4
703	325	4
706	305	4
708	312	4
711	345	4
714	297	4
717	300	4
719	326	4
722	300	4
725	312	4
728	310	4
730	307	4
733	302	4
736	271	4
738	314	4
