70	304	4
73	300	4
76	319	4
79	304	4
82	297	4
85	304	4
88	293	4
91	298	4
94	302	4
97	308	4
100	302	4
102	303	4
105	313	4
108	300	4
111	303	4
114	303	4
117	293	4
120	330	4
123	278	4
126	315	4
129	314	4
131	317	4
134	294	4
137	338	4
140	287	4
143	315	4
146	347	4
149	334	4
152	289	4
155	312	4
158	332	4
161	312	4
163	299	4
166	311	4
169	328	4
172	314	4
175	323	4
178	308	4
181	320	4
184	321	4
187	327	4
190	315	4
192	322	4
195	332	4
198	302	4
201	318	4
204	306	4
207	308	4
210	290	4
213	300	4
216	312	4
219	298	4
222	296	4
224	319	4
227	315	4
230	315	4
233	325	4
236	317	4
239	282	4
242	297	4
245	303	4
248	288	4
251	320	4
253	301	4
256	343	4
259	283	4
262	309	4
265	331	4
268	317	4
271	332	4
274	322	4
277	296	4
280	309	4
283	298	4
285	299	4
288	302	4
291	300	4
294	312	4
297	296	4
300	309	4
303	304	4
306	293	4
309	297	4
312	317	4
314	303	4
317	327	4
320	300	4
323	282	4
326	324	4
329	313	4
332	313	4
335	328	4
338	310	4
341	306	4
344	283	4
346	320	4
349	318	4
352	299	4
355	311	4
358	306	4
361	301	4
364	298	4
367	289	4
370	296	4
373	293	4
375	292	4
378	295	4
381	296	4
384	301	4
387	305	4
390	296	4
393	289	4
396	298	4
399	272	4
402	310	4
404	307	4
407	308	4
410	317	4
413	326	4
416	304	4
419	311	4
422	307	4
425	304	4
428	314	4
431	291	4
434	298	4
436	294	4
439	324	4
442	340	4
445	306	4
448	293	4
451	315	4
454	308	4
457	322	4
460	289	4
463	296	4
465	310	4
468	295	4
471	307	4
474	293	4
477	299	4
480	297	4
483	296	4
486	309	4
489	290	4
492	284	4
495	298	4
497	300	4
500	317	4
503	290	4
506	347	4
509	284	4
512	300	4
515	318	4
518	302	4
521	299	4
524	280	4
526	283	4
529	299	4
532	310	4
535	304	4
538	302	4
541	352	4
544	303	4
547	296	4
550	323	4
553	310	4
556	310	4
558	300	4
561	305	4
564	310	4
567	289	4
570	283	4
573	289	4
576	299	4
579	285	4
582	304	4
585	283	4
587	281	4
590	295	4
593	289	4
596	295	4
599	275	4
602	287	4
605	289	4
608	351	4
611	288	4
614	322	4
617	283	4
619	274	4
622	291	4
625	285	4
628	297	4
631	327	4
634	313	4
637	310	4
640	291	4
643	301	4
646	321	4
648	278	4
651	301	4
654	300	4
657	315	4
660	306	4
663	293	4
666	295	4
669	301	4
672	299	4
675	319	4
678	277	4
680	312	4
683	272	4
686	291	4
689	296	4
692	298	4
695	302	4
698	291	4
701	311	4
704	292	4
707	299	4
709	318	4
712	302	4
715	303	4
718	313	4
721	331	4
724	291	4
727	289	4
730	305	4
733	299	4
736	306	4
738	301	4
741	313	4
744	283	4
747	297	4
750	304	4
753	298	4
756	292	4
759	325	4
762	290	4
765	297	4
768	292	4
770	306	4
773	258	4
776	307	4
779	285	4
782	303	4
785	306	4
788	298	4
791	280	4
794	307	4
797	306	4
799	297	4
802	304	4
805	281	4
808	303	4
811	318	4
814	296	4
817	296	4
820	302	4
823	345	4
826	268	4
829	290	4
831	295	4
834	310	4
837	318	4
840	285	4
843	326	4
846	308	4
849	310	4
852	292	4
855	285	4
858	299	4
860	302	4
863	289	4
866	290	4
869	287	4
872	303	4
875	308	4
878	298	4
881	292	4
884	306	4
887	293	4
890	309	4
892	276	4
895	292	4
898	325	4
901	328	4
904	320	4
907	346	4
910	318	4
913	289	4
916	314	4
919	321	4
921	322	4
924	327	4
927	316	4
930	315	4
933	310	4
936	302	4
939	321	4
942	333	4
945	339	4
948	323	4
951	314	4
953	324	4
956	301	4
959	317	4
962	315	4
965	325	4
968	319	4
971	304	4
974	296	4
977	322	4
980	296	4
982	297	4
985	307	4
988	304	4
991	303	4
994	298	4
997	305	4
1000	305	4
1003	320	4
1006	297	4
1009	314	4
1012	290	4
1014	310	4
1017	324	4
1020	303	4
1023	310	4
1026	297	4
1029	300	4
1032	273	4
1035	285	4
1038	298	4
1041	330	4
1043	325	4
1046	302	4
1049	319	4
1052	320	4
1055	300	4
1058	297	4
1061	302	4
1064	313	4
1067	316	4
1070	311	4
1072	306	4
