70	306	4
73	310	4
76	301	4
79	213	4
82	305	4
85	304	4
88	292	4
91	309	4
94	267	4
96	341	4
99	301	4
102	295	4
105	317	4
108	322	4
111	308	4
114	291	4
117	244	4
119	302	4
122	308	4
125	286	4
128	309	4
131	324	4
134	251	4
137	268	4
140	311	4
143	302	4
145	285	4
148	286	4
151	338	4
154	242	4
157	299	4
160	322	4
163	217	4
166	199	4
168	345	4
171	263	4
174	297	4
177	331	4
180	255	4
183	327	4
186	312	4
189	243	4
192	285	4
194	232	4
197	312	4
200	296	4
203	320	4
206	266	4
209	178	4
212	237	4
215	323	4
217	302	4
220	295	4
223	309	4
226	304	4
229	302	4
232	303	4
235	298	4
238	301	4
241	295	4
243	317	4
246	238	4
249	320	4
252	236	4
255	319	4
258	331	4
261	213	4
264	251	4
266	322	4
269	327	4
272	332	4
275	246	4
278	315	4
281	306	4
284	334	4
287	298	4
290	254	4
292	318	4
295	313	4
298	301	4
301	305	4
304	310	4
307	296	4
310	338	4
313	308	4
315	299	4
318	288	4
321	279	4
324	331	4
327	328	4
330	334	4
333	339	4
336	322	4
339	312	4
341	310	4
344	255	4
347	319	4
350	323	4
353	305	4
356	311	4
359	329	4
362	312	4
364	304	4
367	310	4
370	295	4
373	308	4
376	311	4
379	344	4
382	302	4
385	306	4
388	330	4
390	319	4
393	276	4
396	330	4
399	326	4
402	291	4
405	297	4
408	309	4
411	312	4
413	273	4
416	308	4
419	271	4
422	303	4
425	279	4
428	289	4
431	322	4
434	335	4
437	339	4
439	329	4
442	314	4
445	313	4
448	207	4
451	290	4
454	240	4
457	290	4
460	303	4
462	304	4
465	283	4
468	323	4
471	305	4
474	339	4
477	300	4
480	296	4
483	276	4
486	308	4
488	296	4
491	332	4
494	307	4
497	296	4
500	304	4
503	277	4
506	317	4
509	289	4
511	251	4
514	242	4
517	309	4
520	318	4
523	337	4
526	309	4
529	281	4
532	325	4
535	311	4
537	320	4
540	269	4
543	276	4
546	300	4
549	298	4
552	293	4
555	267	4
558	327	4
560	320	4
563	230	4
566	324	4
569	305	4
572	270	4
575	311	4
578	301	4
581	322	4
584	305	4
586	299	4
589	316	4
592	344	4
595	281	4
598	281	4
601	285	4
604	242	4
607	323	4
609	263	4
612	280	4
615	183	4
618	293	4
621	304	4
624	273	4
627	285	4
630	327	4
633	169	4
635	306	4
638	273	4
641	302	4
644	301	4
647	288	4
650	283	4
653	245	4
656	280	4
658	240	4
661	257	4
664	304	4
667	302	4
670	323	4
673	295	4
676	257	4
679	288	4
682	283	4
684	330	4
687	312	4
690	255	4
693	294	4
696	308	4
699	303	4
702	297	4
705	273	4
707	273	4
710	334	4
713	322	4
716	288	4
719	274	4
722	191	4
725	301	4
728	320	4
730	296	4
