70	326	4
78	284	4
85	302	4
92	204	4
99	214	4
106	248	4
113	309	4
120	169	4
127	257	4
134	311	4
141	239	4
148	310	4
155	325	4
162	299	4
169	319	4
176	294	4
183	305	4
190	285	4
197	324	4
204	332	4
211	297	4
218	348	4
225	305	4
232	315	4
239	306	4
246	319	4
253	304	4
260	304	4
267	290	4
274	316	4
281	338	4
288	313	4
295	296	4
302	308	4
309	305	4
316	300	4
323	310	4
330	204	4
337	317	4
344	340	4
351	312	4
358	322	4
365	322	4
372	300	4
379	303	4
386	244	4
393	284	4
400	327	4
408	291	4
415	302	4
422	291	4
429	313	4
436	318	4
443	283	4
450	295	4
457	304	4
464	307	4
471	285	4
478	288	4
485	314	4
492	313	4
499	263	4
506	314	4
513	300	4
520	298	4
527	322	4
534	262	4
541	302	4
548	170	4
555	312	4
562	313	4
569	317	4
576	315	4
583	294	4
590	290	4
597	290	4
604	311	4
611	262	4
618	331	4
625	283	4
632	330	4
639	265	4
646	355	4
653	323	4
660	267	4
667	314	4
674	324	4
681	294	4
688	323	4
695	306	4
702	309	4
709	238	4
716	316	4
723	312	4
730	310	4
