70	281	4
76	314	4
82	256	4
88	311	4
93	325	4
99	319	4
105	308	4
111	325	4
116	300	4
122	314	4
128	300	4
134	300	4
139	317	4
145	299	4
151	321	4
157	320	4
162	342	4
168	296	4
174	302	4
180	296	4
185	318	4
191	296	4
197	296	4
202	311	4
208	310	4
214	288	4
220	312	4
225	312	4
231	329	4
237	319	4
243	321	4
248	340	4
254	303	4
260	301	4
266	326	4
271	336	4
277	310	4
283	290	4
289	288	4
294	262	4
300	327	4
306	291	4
312	324	4
317	307	4
323	309	4
329	289	4
334	321	4
340	312	4
346	301	4
352	289	4
357	293	4
363	321	4
369	302	4
375	338	4
380	309	4
386	320	4
392	321	4
398	295	4
403	295	4
409	326	4
415	324	4
421	306	4
426	302	4
432	296	4
438	321	4
444	300	4
449	313	4
455	311	4
461	294	4
466	301	4
472	300	4
478	306	4
484	311	4
489	304	4
495	281	4
501	299	4
507	294	4
512	292	4
518	307	4
524	323	4
530	283	4
535	317	4
541	303	4
547	287	4
553	311	4
558	293	4
564	287	4
570	307	4
576	312	4
581	302	4
587	307	4
593	305	4
598	322	4
604	301	4
610	336	4
616	310	4
621	310	4
627	308	4
633	311	4
639	315	4
644	332	4
650	311	4
656	322	4
662	291	4
667	275	4
673	299	4
679	286	4
685	284	4
690	317	4
696	294	4
702	280	4
708	313	4
713	291	4
719	294	4
725	296	4
730	324	4
70	292	4
76	342	4
82	283	4
88	316	4
93	303	4
99	299	4
105	291	4
111	310	4
116	318	4
122	310	4
128	301	4
134	320	4
139	300	4
145	288	4
151	304	4
157	326	4
162	302	4
168	318	4
174	276	4
180	316	4
185	306	4
191	303	4
197	309	4
202	306	4
208	300	4
214	305	4
220	308	4
225	304	4
231	304	4
237	326	4
243	309	4
248	301	4
254	298	4
260	309	4
266	318	4
271	305	4
277	302	4
283	306	4
289	305	4
294	311	4
300	291	4
306	303	4
312	304	4
317	299	4
323	313	4
329	296	4
334	324	4
340	317	4
346	289	4
352	308	4
357	316	4
363	304	4
369	298	4
375	300	4
380	306	4
386	317	4
392	314	4
398	315	4
403	298	4
409	315	4
415	336	4
421	334	4
426	319	4
432	305	4
438	316	4
444	304	4
449	302	4
455	294	4
461	305	4
466	305	4
472	305	4
478	307	4
484	302	4
489	320	4
495	309	4
501	310	4
507	296	4
512	321	4
518	307	4
524	309	4
530	294	4
535	299	4
541	318	4
547	298	4
553	319	4
558	312	4
564	305	4
570	295	4
576	307	4
581	292	4
587	299	4
593	299	4
598	304	4
604	313	4
610	318	4
616	314	4
621	301	4
627	326	4
633	311	4
639	305	4
644	312	4
650	293	4
656	309	4
662	313	4
667	313	4
673	306	4
679	329	4
685	316	4
690	315	4
696	317	4
702	300	4
708	310	4
713	313	4
719	299	4
725	286	4
730	305	4
70	320	4
76	305	4
82	288	4
88	302	4
93	316	4
99	278	4
105	304	4
111	307	4
116	321	4
122	313	4
128	309	4
134	264	4
139	318	4
145	261	4
151	342	4
157	304	4
162	338	4
168	309	4
174	206	4
180	313	4
185	298	4
191	304	4
197	242	4
202	300	4
208	255	4
214	304	4
220	324	4
225	258	4
231	329	4
237	332	4
243	295	4
248	356	4
254	323	4
260	293	4
266	319	4
271	325	4
277	325	4
283	326	4
289	307	4
294	315	4
300	321	4
306	259	4
312	339	4
317	328	4
323	307	4
329	321	4
334	324	4
340	318	4
346	296	4
352	271	4
357	300	4
363	340	4
369	309	4
375	316	4
380	318	4
386	307	4
392	282	4
398	305	4
403	293	4
409	292	4
415	320	4
421	193	4
426	305	4
432	312	4
438	325	4
444	317	4
449	316	4
455	317	4
461	322	4
466	260	4
472	289	4
478	319	4
484	209	4
489	310	4
495	337	4
501	331	4
507	289	4
512	310	4
518	342	4
524	313	4
530	291	4
535	309	4
541	291	4
547	313	4
553	305	4
558	319	4
564	211	4
570	282	4
576	324	4
581	289	4
587	264	4
593	328	4
598	309	4
604	300	4
610	325	4
616	312	4
621	217	4
627	345	4
633	314	4
639	331	4
644	329	4
650	303	4
656	303	4
662	264	4
667	318	4
673	305	4
679	321	4
685	293	4
690	317	4
696	276	4
702	308	4
708	289	4
713	310	4
719	322	4
725	288	4
730	314	4
70	329	4
76	312	4
82	307	4
88	313	4
93	320	4
99	303	4
105	294	4
111	332	4
116	323	4
122	310	4
128	302	4
134	313	4
139	312	4
145	277	4
151	286	4
157	330	4
162	338	4
168	312	4
174	272	4
180	318	4
185	303	4
191	289	4
197	339	4
202	329	4
208	312	4
214	320	4
220	317	4
225	305	4
231	316	4
237	325	4
243	310	4
248	328	4
254	322	4
260	291	4
266	316	4
271	319	4
277	307	4
283	302	4
289	314	4
294	316	4
300	304	4
306	310	4
312	322	4
317	340	4
323	294	4
329	327	4
334	321	4
340	317	4
346	294	4
352	303	4
357	320	4
363	333	4
369	304	4
375	315	4
380	317	4
386	308	4
392	317	4
398	316	4
403	271	4
409	318	4
415	329	4
421	292	4
426	326	4
432	305	4
438	312	4
444	302	4
449	307	4
455	306	4
461	323	4
466	293	4
472	304	4
478	289	4
484	325	4
489	293	4
495	327	4
501	308	4
507	307	4
512	299	4
518	295	4
524	316	4
530	303	4
535	305	4
541	283	4
547	295	4
553	289	4
558	301	4
564	285	4
570	299	4
576	291	4
581	323	4
587	291	4
593	279	4
598	300	4
604	304	4
610	306	4
616	294	4
621	308	4
627	311	4
633	315	4
639	308	4
644	315	4
650	311	4
656	323	4
662	293	4
667	291	4
673	295	4
679	293	4
685	288	4
690	313	4
696	282	4
702	273	4
708	303	4
713	294	4
719	308	4
725	299	4
730	298	4
70	306	4
76	291	4
82	303	4
88	300	4
93	316	4
99	319	4
105	353	4
111	306	4
116	306	4
122	341	4
128	290	4
134	325	4
139	322	4
145	315	4
151	308	4
157	344	4
162	317	4
168	290	4
174	295	4
180	327	4
185	306	4
191	308	4
197	300	4
202	316	4
208	325	4
214	315	4
220	310	4
225	295	4
231	233	4
237	326	4
243	314	4
248	338	4
254	306	4
260	304	4
266	321	4
271	327	4
277	320	4
283	331	4
289	340	4
294	350	4
300	316	4
306	322	4
312	350	4
317	319	4
323	312	4
329	324	4
334	335	4
340	311	4
346	282	4
352	264	4
357	258	4
363	318	4
369	313	4
375	297	4
380	306	4
386	286	4
392	304	4
398	359	4
403	265	4
409	292	4
415	317	4
421	279	4
426	300	4
432	290	4
438	319	4
444	282	4
449	287	4
455	307	4
461	303	4
466	294	4
472	277	4
478	316	4
484	319	4
489	298	4
495	307	4
501	312	4
507	306	4
512	304	4
518	284	4
524	306	4
530	295	4
535	301	4
541	313	4
547	303	4
553	299	4
558	320	4
564	303	4
570	281	4
576	332	4
581	301	4
587	324	4
593	291	4
598	308	4
604	324	4
610	309	4
616	310	4
621	303	4
627	319	4
633	308	4
639	312	4
644	310	4
650	319	4
656	317	4
662	296	4
667	292	4
673	311	4
679	285	4
685	274	4
690	305	4
696	290	4
702	282	4
708	292	4
713	289	4
719	318	4
725	289	4
730	308	4
