70	306	4
79	371	4
87	313	4
95	283	4
103	354	4
111	316	4
119	345	4
127	339	4
135	314	4
143	299	4
151	336	4
159	348	4
167	321	4
175	299	4
183	329	4
191	336	4
199	310	4
207	337	4
215	316	4
223	315	4
231	368	4
240	311	4
248	315	4
256	335	4
264	327	4
272	320	4
280	304	4
288	328	4
296	320	4
304	322	4
312	327	4
320	323	4
328	347	4
336	342	4
344	313	4
352	344	4
360	353	4
368	352	4
376	319	4
384	304	4
392	297	4
400	323	4
409	340	4
417	319	4
425	355	4
433	359	4
441	327	4
449	335	4
457	341	4
465	307	4
473	370	4
481	344	4
489	331	4
497	335	4
505	340	4
513	366	4
521	314	4
529	333	4
537	319	4
545	357	4
553	329	4
561	320	4
570	311	4
578	319	4
586	317	4
594	300	4
602	321	4
610	338	4
618	305	4
626	306	4
634	292	4
642	321	4
650	353	4
658	332	4
666	307	4
674	301	4
682	328	4
690	335	4
698	291	4
706	303	4
714	308	4
722	331	4
730	320	4
