70	323	4
74	323	4
78	313	4
81	312	4
85	315	4
88	308	4
92	319	4
95	325	4
99	309	4
102	304	4
106	294	4
109	298	4
113	305	4
116	322	4
120	337	4
123	348	4
127	328	4
130	342	4
134	280	4
138	312	4
141	330	4
145	319	4
148	308	4
152	316	4
155	333	4
159	329	4
162	318	4
166	301	4
169	297	4
173	315	4
176	299	4
180	292	4
183	305	4
187	326	4
190	295	4
194	270	4
198	338	4
201	319	4
205	331	4
208	291	4
212	305	4
215	314	4
219	325	4
222	351	4
226	311	4
229	320	4
233	346	4
236	316	4
240	322	4
243	290	4
247	319	4
250	316	4
254	309	4
258	292	4
261	311	4
265	323	4
268	308	4
272	304	4
275	303	4
279	313	4
282	303	4
286	323	4
289	321	4
293	353	4
296	330	4
300	283	4
303	329	4
307	318	4
310	337	4
314	299	4
318	288	4
321	294	4
325	320	4
328	322	4
332	321	4
335	314	4
339	311	4
342	305	4
346	319	4
349	311	4
353	292	4
356	323	4
360	317	4
363	323	4
367	311	4
370	335	4
374	331	4
378	344	4
381	333	4
385	330	4
388	313	4
392	334	4
395	327	4
399	296	4
402	300	4
406	318	4
409	324	4
413	338	4
416	303	4
420	332	4
423	304	4
427	316	4
430	313	4
434	318	4
438	318	4
441	322	4
445	302	4
448	275	4
452	299	4
455	347	4
459	319	4
462	299	4
466	283	4
469	297	4
473	302	4
476	310	4
480	313	4
483	335	4
487	334	4
490	300	4
494	314	4
498	328	4
501	279	4
505	332	4
508	343	4
512	321	4
515	318	4
519	288	4
522	331	4
526	323	4
529	367	4
533	324	4
536	324	4
540	318	4
543	315	4
547	302	4
550	321	4
554	317	4
558	308	4
561	311	4
565	325	4
568	276	4
572	306	4
575	284	4
579	313	4
582	307	4
586	301	4
589	325	4
593	312	4
596	322	4
600	317	4
603	314	4
607	263	4
610	330	4
614	316	4
618	293	4
621	357	4
625	308	4
628	310	4
632	317	4
635	320	4
639	351	4
642	307	4
646	324	4
649	284	4
653	327	4
656	308	4
660	318	4
663	324	4
667	344	4
670	350	4
674	299	4
678	306	4
681	316	4
685	317	4
688	340	4
692	305	4
695	314	4
699	299	4
702	300	4
706	299	4
709	339	4
713	342	4
716	326	4
720	329	4
723	319	4
727	331	4
730	309	4
