70	292	4
75	280	4
80	338	4
85	310	4
90	308	4
95	297	4
100	315	4
105	278	4
110	320	4
115	319	4
120	306	4
125	305	4
130	298	4
135	324	4
140	309	4
145	306	4
150	323	4
155	308	4
160	314	4
165	303	4
170	340	4
175	299	4
180	321	4
185	317	4
190	317	4
195	319	4
200	266	4
204	306	4
209	311	4
214	298	4
219	353	4
224	299	4
229	304	4
234	308	4
239	318	4
244	306	4
249	321	4
254	308	4
259	297	4
264	304	4
269	333	4
274	328	4
279	311	4
284	305	4
289	300	4
294	302	4
299	332	4
304	315	4
309	340	4
314	316	4
319	287	4
324	309	4
329	371	4
334	346	4
338	324	4
343	318	4
348	344	4
353	293	4
358	320	4
363	312	4
368	316	4
373	303	4
378	303	4
383	331	4
388	285	4
393	338	4
398	322	4
403	308	4
408	326	4
413	305	4
418	324	4
423	303	4
428	321	4
433	322	4
438	334	4
443	300	4
448	324	4
453	335	4
458	307	4
463	323	4
467	335	4
472	325	4
477	319	4
482	320	4
487	310	4
492	337	4
497	318	4
502	295	4
507	338	4
512	322	4
517	324	4
522	301	4
527	313	4
532	332	4
537	329	4
542	338	4
547	293	4
552	311	4
557	280	4
562	310	4
567	337	4
572	314	4
577	332	4
582	329	4
587	319	4
592	330	4
597	338	4
601	324	4
606	323	4
611	307	4
616	313	4
621	301	4
626	312	4
631	316	4
636	322	4
641	290	4
646	336	4
651	309	4
656	314	4
661	289	4
666	296	4
671	319	4
676	303	4
681	312	4
686	308	4
691	315	4
696	313	4
701	300	4
706	315	4
711	304	4
716	309	4
721	306	4
726	304	4
730	281	4
