70	302	4
79	361	4
87	319	4
95	301	4
103	354	4
111	342	4
119	316	4
127	322	4
135	344	4
143	309	4
151	317	4
159	310	4
167	332	4
175	292	4
183	323	4
191	325	4
199	326	4
207	329	4
215	307	4
223	290	4
231	336	4
240	322	4
248	317	4
256	332	4
264	329	4
272	299	4
280	294	4
288	316	4
296	294	4
304	325	4
312	316	4
320	338	4
328	345	4
336	335	4
344	304	4
352	307	4
360	338	4
368	328	4
376	299	4
384	323	4
392	319	4
400	316	4
409	333	4
417	320	4
425	343	4
433	332	4
441	352	4
449	327	4
457	338	4
465	298	4
473	313	4
481	339	4
489	326	4
497	290	4
505	325	4
513	332	4
521	321	4
529	323	4
537	331	4
545	333	4
553	297	4
561	325	4
570	320	4
578	326	4
586	322	4
594	334	4
602	274	4
610	346	4
618	312	4
626	296	4
634	332	4
642	330	4
650	349	4
658	354	4
666	309	4
674	310	4
682	311	4
690	325	4
698	327	4
706	288	4
714	304	4
722	327	4
730	318	4
