70	305	4
74	301	4
77	303	4
81	299	4
84	340	4
87	260	4
91	315	4
94	295	4
97	292	4
101	318	4
104	313	4
107	298	4
111	290	4
114	291	4
117	312	4
121	287	4
124	300	4
127	318	4
131	313	4
134	332	4
138	296	4
141	316	4
144	320	4
148	304	4
151	332	4
154	309	4
158	310	4
161	311	4
164	320	4
168	308	4
171	309	4
174	325	4
178	315	4
181	315	4
184	323	4
188	313	4
191	312	4
194	293	4
198	324	4
201	275	4
205	314	4
208	278	4
211	326	4
215	310	4
218	343	4
221	311	4
225	302	4
228	298	4
231	309	4
235	303	4
238	325	4
241	310	4
245	275	4
248	309	4
251	276	4
255	322	4
258	313	4
261	290	4
265	299	4
268	308	4
272	298	4
275	319	4
278	302	4
282	313	4
285	293	4
288	314	4
292	299	4
295	288	4
298	307	4
302	283	4
305	297	4
308	313	4
312	293	4
315	279	4
318	306	4
322	309	4
325	324	4
328	277	4
332	298	4
335	363	4
339	301	4
342	314	4
345	300	4
349	286	4
352	303	4
355	328	4
359	309	4
362	311	4
365	302	4
369	273	4
372	300	4
375	286	4
379	325	4
382	308	4
385	319	4
389	318	4
392	278	4
395	297	4
399	325	4
402	315	4
406	312	4
409	306	4
412	304	4
416	301	4
419	309	4
422	312	4
426	309	4
429	290	4
432	326	4
436	300	4
439	305	4
442	351	4
446	314	4
449	338	4
452	295	4
456	317	4
459	320	4
462	292	4
466	319	4
469	340	4
473	323	4
476	333	4
479	340	4
483	311	4
486	311	4
489	300	4
493	318	4
496	315	4
499	274	4
503	328	4
506	333	4
509	305	4
513	300	4
516	301	4
519	315	4
523	332	4
526	342	4
529	298	4
533	326	4
536	334	4
540	304	4
543	315	4
546	304	4
550	331	4
553	311	4
556	312	4
560	334	4
563	313	4
566	324	4
570	293	4
573	303	4
576	310	4
580	300	4
583	317	4
586	299	4
590	324	4
593	322	4
596	322	4
600	297	4
603	311	4
607	304	4
610	308	4
613	290	4
617	265	4
620	295	4
623	319	4
627	312	4
630	312	4
633	316	4
637	303	4
640	293	4
643	277	4
647	289	4
650	296	4
653	321	4
657	267	4
660	310	4
663	302	4
667	305	4
670	289	4
674	292	4
677	329	4
680	287	4
684	316	4
687	304	4
690	315	4
694	306	4
697	287	4
700	311	4
704	299	4
707	275	4
710	314	4
714	291	4
717	283	4
720	274	4
724	285	4
727	292	4
730	300	4
70	310	4
74	326	4
77	325	4
81	298	4
84	292	4
87	289	4
91	311	4
94	312	4
97	311	4
101	288	4
104	311	4
107	314	4
111	296	4
114	321	4
117	326	4
121	314	4
124	308	4
127	287	4
131	321	4
134	309	4
138	298	4
141	325	4
144	327	4
148	320	4
151	325	4
154	311	4
158	317	4
161	325	4
164	299	4
168	319	4
171	331	4
174	306	4
178	311	4
181	331	4
184	316	4
188	326	4
191	328	4
194	311	4
198	323	4
201	295	4
205	312	4
208	318	4
211	305	4
215	315	4
218	315	4
221	314	4
225	304	4
228	297	4
231	302	4
235	323	4
238	319	4
241	313	4
245	312	4
248	305	4
251	297	4
255	299	4
258	302	4
261	293	4
265	304	4
268	305	4
272	296	4
275	303	4
278	326	4
282	308	4
285	300	4
288	310	4
292	298	4
295	307	4
298	314	4
302	287	4
305	312	4
308	276	4
312	305	4
315	300	4
318	290	4
322	325	4
325	321	4
328	319	4
332	283	4
335	327	4
339	314	4
342	305	4
345	298	4
349	298	4
352	303	4
355	308	4
359	309	4
362	320	4
365	318	4
369	318	4
372	307	4
375	303	4
379	307	4
382	296	4
385	297	4
389	323	4
392	292	4
395	327	4
399	320	4
402	296	4
406	317	4
409	314	4
412	309	4
416	327	4
419	313	4
422	309	4
426	307	4
429	259	4
432	321	4
436	311	4
439	292	4
442	306	4
446	273	4
449	297	4
452	306	4
456	304	4
459	333	4
462	334	4
466	334	4
469	326	4
473	324	4
476	311	4
479	323	4
483	297	4
486	308	4
489	311	4
493	310	4
496	305	4
499	334	4
503	319	4
506	303	4
509	295	4
513	257	4
516	325	4
519	324	4
523	320	4
526	305	4
529	300	4
533	311	4
536	326	4
540	307	4
543	328	4
546	323	4
550	299	4
553	311	4
556	306	4
560	304	4
563	321	4
566	305	4
570	321	4
573	306	4
576	324	4
580	320	4
583	297	4
586	308	4
590	286	4
593	310	4
596	326	4
600	307	4
603	292	4
607	304	4
610	302	4
613	313	4
617	297	4
620	328	4
623	308	4
627	312	4
630	318	4
633	316	4
637	321	4
640	311	4
643	282	4
647	299	4
650	309	4
653	324	4
657	297	4
660	323	4
663	306	4
667	283	4
670	310	4
674	291	4
677	311	4
680	304	4
684	325	4
687	264	4
690	303	4
694	303	4
697	277	4
700	326	4
704	311	4
707	326	4
710	297	4
714	304	4
717	289	4
720	302	4
724	281	4
727	306	4
730	321	4
70	360	4
74	250	4
77	298	4
81	315	4
84	306	4
87	258	4
91	325	4
94	132	4
97	229	4
101	302	4
104	296	4
107	283	4
111	315	4
114	299	4
117	311	4
121	300	4
124	322	4
127	303	4
131	314	4
134	306	4
138	335	4
141	331	4
144	298	4
148	326	4
151	329	4
154	323	4
158	322	4
161	294	4
164	314	4
168	341	4
171	387	4
174	326	4
178	316	4
181	323	4
184	337	4
188	316	4
191	331	4
194	309	4
198	293	4
201	260	4
205	325	4
208	302	4
211	306	4
215	321	4
218	292	4
221	327	4
225	320	4
228	296	4
231	319	4
235	277	4
238	333	4
241	321	4
245	299	4
248	324	4
251	280	4
255	329	4
258	322	4
261	293	4
265	286	4
268	328	4
272	301	4
275	324	4
278	308	4
282	316	4
285	289	4
288	320	4
292	308	4
295	286	4
298	309	4
302	284	4
305	288	4
308	310	4
312	233	4
315	335	4
318	309	4
322	307	4
325	335	4
328	286	4
332	308	4
335	292	4
339	266	4
342	289	4
345	280	4
349	310	4
352	265	4
355	304	4
359	272	4
362	309	4
365	332	4
369	306	4
372	307	4
375	298	4
379	347	4
382	313	4
385	319	4
389	329	4
392	297	4
395	302	4
399	314	4
402	318	4
406	340	4
409	285	4
412	290	4
416	302	4
419	326	4
422	309	4
426	323	4
429	302	4
432	368	4
436	310	4
439	315	4
442	338	4
446	335	4
449	330	4
452	296	4
456	283	4
459	321	4
462	278	4
466	295	4
469	333	4
473	318	4
476	310	4
479	319	4
483	312	4
486	299	4
489	340	4
493	336	4
496	307	4
499	320	4
503	347	4
506	278	4
509	292	4
513	272	4
516	333	4
519	302	4
523	318	4
526	332	4
529	326	4
533	274	4
536	319	4
540	320	4
543	320	4
546	310	4
550	326	4
553	308	4
556	332	4
560	323	4
563	325	4
566	341	4
570	311	4
573	307	4
576	304	4
580	288	4
583	322	4
586	309	4
590	300	4
593	319	4
596	279	4
600	262	4
603	336	4
607	329	4
610	323	4
613	307	4
617	241	4
620	293	4
623	327	4
627	309	4
630	309	4
633	304	4
637	324	4
640	306	4
643	277	4
647	269	4
650	317	4
653	360	4
657	311	4
660	313	4
663	315	4
667	308	4
670	282	4
674	261	4
677	345	4
680	316	4
684	257	4
687	252	4
690	317	4
694	324	4
697	318	4
700	300	4
704	301	4
707	310	4
710	344	4
714	282	4
717	293	4
720	308	4
724	287	4
727	256	4
730	303	4
70	321	4
74	314	4
77	322	4
81	294	4
84	330	4
87	318	4
91	329	4
94	306	4
97	311	4
101	297	4
104	300	4
107	326	4
111	291	4
114	302	4
117	338	4
121	292	4
124	318	4
127	334	4
131	280	4
134	333	4
138	291	4
141	329	4
144	324	4
148	339	4
151	338	4
154	301	4
158	315	4
161	299	4
164	331	4
168	335	4
171	375	4
174	320	4
178	312	4
181	326	4
184	321	4
188	331	4
191	332	4
194	321	4
198	333	4
201	338	4
205	314	4
208	288	4
211	300	4
215	297	4
218	321	4
221	322	4
225	303	4
228	290	4
231	303	4
235	301	4
238	319	4
241	324	4
245	297	4
248	309	4
251	303	4
255	323	4
258	297	4
261	280	4
265	286	4
268	306	4
272	297	4
275	326	4
278	309	4
282	302	4
285	282	4
288	308	4
292	309	4
295	298	4
298	317	4
302	306	4
305	313	4
308	303	4
312	298	4
315	337	4
318	308	4
322	320	4
325	302	4
328	314	4
332	324	4
335	309	4
339	294	4
342	327	4
345	283	4
349	296	4
352	304	4
355	323	4
359	318	4
362	316	4
365	333	4
369	293	4
372	308	4
375	304	4
379	321	4
382	309	4
385	319	4
389	317	4
392	291	4
395	299	4
399	328	4
402	329	4
406	324	4
409	317	4
412	304	4
416	304	4
419	304	4
422	297	4
426	304	4
429	337	4
432	346	4
436	303	4
439	305	4
442	327	4
446	323	4
449	314	4
452	296	4
456	321	4
459	333	4
462	326	4
466	326	4
469	336	4
473	316	4
476	338	4
479	312	4
483	324	4
486	321	4
489	305	4
493	343	4
496	314	4
499	326	4
503	324	4
506	316	4
509	312	4
513	314	4
516	319	4
519	315	4
523	325	4
526	344	4
529	323	4
533	316	4
536	339	4
540	311	4
543	328	4
546	319	4
550	309	4
553	312	4
556	314	4
560	322	4
563	315	4
566	330	4
570	306	4
573	315	4
576	322	4
580	319	4
583	299	4
586	321	4
590	314	4
593	339	4
596	301	4
600	321	4
603	296	4
607	303	4
610	315	4
613	304	4
617	307	4
620	294	4
623	319	4
627	326	4
630	290	4
633	329	4
637	297	4
640	300	4
643	296	4
647	309	4
650	306	4
653	310	4
657	322	4
660	309	4
663	313	4
667	315	4
670	303	4
674	290	4
677	316	4
680	310	4
684	305	4
687	285	4
690	312	4
694	321	4
697	303	4
700	317	4
704	306	4
707	310	4
710	318	4
714	300	4
717	294	4
720	308	4
724	295	4
727	292	4
730	299	4
70	314	4
74	293	4
77	316	4
81	315	4
84	324	4
87	323	4
91	339	4
94	303	4
97	332	4
101	321	4
104	305	4
107	310	4
111	282	4
114	292	4
117	328	4
121	298	4
124	277	4
127	327	4
131	325	4
134	345	4
138	314	4
141	347	4
144	313	4
148	317	4
151	317	4
154	323	4
158	314	4
161	298	4
164	326	4
168	267	4
171	371	4
174	309	4
178	294	4
181	293	4
184	334	4
188	326	4
191	331	4
194	333	4
198	340	4
201	338	4
205	318	4
208	287	4
211	300	4
215	304	4
218	355	4
221	287	4
225	299	4
228	306	4
231	302	4
235	323	4
238	291	4
241	303	4
245	289	4
248	310	4
251	306	4
255	314	4
258	302	4
261	302	4
265	286	4
268	311	4
272	296	4
275	346	4
278	310	4
282	315	4
285	304	4
288	299	4
292	274	4
295	271	4
298	285	4
302	305	4
305	270	4
308	303	4
312	323	4
315	320	4
318	308	4
322	343	4
325	316	4
328	307	4
332	305	4
335	319	4
339	339	4
342	311	4
345	296	4
349	333	4
352	291	4
355	282	4
359	309	4
362	312	4
365	320	4
369	298	4
372	304	4
375	318	4
379	285	4
382	297	4
385	300	4
389	330	4
392	309	4
395	303	4
399	311	4
402	329	4
406	310	4
409	333	4
412	302	4
416	315	4
419	307	4
422	334	4
426	305	4
429	361	4
432	288	4
436	313	4
439	303	4
442	337	4
446	326	4
449	305	4
452	313	4
456	276	4
459	330	4
462	300	4
466	328	4
469	327	4
473	329	4
476	350	4
479	315	4
483	342	4
486	282	4
489	314	4
493	335	4
496	310	4
499	320	4
503	327	4
506	341	4
509	328	4
513	306	4
516	324	4
519	306	4
523	327	4
526	327	4
529	312	4
533	302	4
536	332	4
540	305	4
543	348	4
546	308	4
550	324	4
553	315	4
556	314	4
560	330	4
563	331	4
566	281	4
570	314	4
573	308	4
576	328	4
580	312	4
583	314	4
586	310	4
590	321	4
593	338	4
596	287	4
600	312	4
603	309	4
607	305	4
610	301	4
613	312	4
617	301	4
620	316	4
623	299	4
627	291	4
630	331	4
633	272	4
637	324	4
640	318	4
643	311	4
647	303	4
650	297	4
653	340	4
657	293	4
660	324	4
663	303	4
667	301	4
670	311	4
674	293	4
677	325	4
680	325	4
684	306	4
687	313	4
690	303	4
694	331	4
697	319	4
700	320	4
704	303	4
707	305	4
710	343	4
714	328	4
717	265	4
720	308	4
724	311	4
727	302	4
730	319	4
