70	250	4
74	267	4
77	345	4
80	310	4
83	306	4
86	232	4
89	313	4
92	275	4
95	203	4
98	329	4
101	287	4
104	287	4
107	326	4
110	317	4
113	311	4
116	283	4
120	255	4
123	247	4
126	312	4
129	296	4
132	327	4
135	308	4
138	296	4
141	216	4
144	279	4
147	354	4
150	265	4
153	298	4
156	287	4
159	286	4
162	310	4
166	294	4
169	260	4
172	326	4
175	320	4
178	320	4
181	295	4
184	312	4
187	349	4
190	336	4
193	316	4
196	295	4
199	312	4
202	305	4
205	291	4
208	302	4
212	252	4
215	352	4
218	296	4
221	311	4
224	312	4
227	317	4
230	295	4
233	326	4
236	300	4
239	325	4
242	300	4
245	291	4
248	314	4
251	284	4
254	249	4
258	306	4
261	324	4
264	318	4
267	310	4
270	330	4
273	344	4
276	316	4
279	313	4
282	321	4
285	326	4
288	284	4
291	261	4
294	283	4
297	347	4
300	244	4
304	307	4
307	315	4
310	288	4
313	308	4
316	297	4
319	304	4
322	304	4
325	318	4
328	336	4
331	291	4
334	295	4
337	315	4
340	254	4
343	329	4
346	251	4
350	316	4
353	295	4
356	285	4
359	258	4
362	315	4
365	285	4
368	316	4
371	319	4
374	312	4
377	323	4
380	304	4
383	318	4
386	230	4
389	296	4
392	304	4
396	315	4
399	323	4
402	314	4
405	236	4
408	298	4
411	276	4
414	294	4
417	326	4
420	325	4
423	251	4
426	307	4
429	355	4
432	329	4
435	283	4
438	334	4
442	297	4
445	307	4
448	313	4
451	288	4
454	349	4
457	311	4
460	242	4
463	297	4
466	378	4
469	313	4
472	300	4
475	302	4
478	300	4
481	329	4
484	288	4
488	318	4
491	291	4
494	268	4
497	335	4
500	310	4
503	303	4
506	336	4
509	311	4
512	311	4
515	292	4
518	295	4
521	307	4
524	293	4
527	321	4
530	319	4
534	302	4
537	315	4
540	281	4
543	162	4
546	310	4
549	270	4
552	293	4
555	318	4
558	287	4
561	285	4
564	287	4
567	267	4
570	329	4
573	311	4
576	290	4
580	305	4
583	317	4
586	300	4
589	303	4
592	331	4
595	343	4
598	296	4
601	303	4
604	343	4
607	273	4
610	303	4
613	303	4
616	311	4
619	314	4
622	273	4
626	271	4
629	247	4
632	287	4
635	300	4
638	315	4
641	315	4
644	312	4
647	348	4
650	308	4
653	317	4
656	306	4
659	319	4
662	344	4
665	294	4
668	300	4
672	323	4
675	314	4
678	288	4
681	339	4
684	284	4
687	284	4
690	287	4
693	325	4
696	334	4
699	291	4
702	300	4
705	274	4
708	296	4
711	356	4
714	310	4
718	269	4
721	295	4
724	206	4
727	330	4
730	329	4
733	336	4
736	283	4
739	306	4
742	328	4
745	312	4
748	193	4
751	279	4
754	268	4
757	226	4
760	307	4
764	324	4
767	325	4
770	303	4
773	323	4
776	306	4
779	297	4
782	325	4
785	309	4
788	308	4
791	292	4
794	342	4
797	286	4
800	296	4
803	231	4
806	238	4
810	313	4
813	306	4
816	306	4
819	248	4
822	305	4
825	327	4
828	310	4
831	277	4
834	295	4
837	209	4
840	324	4
843	303	4
846	300	4
849	325	4
852	299	4
856	307	4
859	327	4
862	252	4
865	329	4
868	310	4
871	291	4
874	279	4
877	288	4
880	316	4
883	235	4
886	298	4
889	326	4
892	204	4
895	318	4
898	318	4
902	230	4
905	279	4
908	297	4
911	292	4
914	320	4
917	322	4
920	314	4
923	311	4
926	337	4
929	283	4
932	230	4
935	296	4
938	247	4
941	296	4
944	280	4
948	296	4
951	286	4
954	329	4
957	287	4
960	228	4
963	349	4
966	279	4
969	303	4
972	302	4
975	325	4
978	306	4
981	280	4
984	306	4
987	325	4
990	307	4
994	282	4
997	256	4
1000	299	4
1003	323	4
1006	310	4
1009	301	4
1012	306	4
1015	308	4
1018	320	4
1021	326	4
1024	229	4
1027	339	4
1030	277	4
1033	329	4
1036	304	4
1040	294	4
1043	254	4
1046	313	4
1049	285	4
1052	329	4
1055	307	4
1058	306	4
1061	313	4
1064	307	4
1067	303	4
1070	313	4
1073	306	4
1076	254	4
1079	312	4
1082	311	4
1086	284	4
1089	320	4
1092	275	4
1095	323	4
1098	325	4
1101	347	4
1104	317	4
1107	325	4
1110	300	4
1113	342	4
1116	284	4
1119	235	4
1122	315	4
1125	309	4
1128	306	4
1132	303	4
1135	281	4
1138	316	4
1141	319	4
1144	306	4
1147	318	4
1150	326	4
1153	319	4
1156	328	4
1159	263	4
1162	317	4
1165	317	4
1168	321	4
1171	331	4
1174	318	4
1178	295	4
1181	308	4
1184	306	4
1187	306	4
1190	301	4
1193	293	4
1196	291	4
1199	306	4
1202	315	4
1205	299	4
1208	258	4
1211	333	4
1214	317	4
1217	331	4
1221	317	4
1224	313	4
1227	312	4
1230	303	4
1233	338	4
1236	312	4
1239	341	4
1242	312	4
1245	223	4
1248	323	4
1251	320	4
1254	307	4
1257	316	4
1260	334	4
1263	291	4
1266	332	4
1270	296	4
1273	313	4
1276	240	4
1279	267	4
1282	288	4
1285	314	4
1288	309	4
1291	321	4
1294	316	4
1297	328	4
1300	240	4
1303	281	4
1306	309	4
1309	308	4
1312	340	4
1316	276	4
1319	265	4
1322	269	4
1325	319	4
1328	330	4
1331	315	4
1334	328	4
1337	302	4
1340	300	4
1343	323	4
1346	335	4
1349	346	4
1352	321	4
1355	338	4
1358	346	4
1362	323	4
1365	288	4
1368	326	4
1371	342	4
1374	312	4
1377	276	4
1380	345	4
1383	262	4
1386	318	4
1389	307	4
1392	307	4
1395	329	4
1398	332	4
1401	302	4
1404	331	4
1408	310	4
1411	314	4
1414	314	4
1417	294	4
1420	322	4
1423	301	4
1426	348	4
1429	321	4
1432	306	4
1435	294	4
1438	335	4
1441	281	4
1444	243	4
1447	235	4
1450	337	4
1454	302	4
1457	320	4
1460	335	4
1463	261	4
1466	299	4
1469	324	4
1472	311	4
1475	287	4
1478	226	4
1481	328	4
1484	308	4
1487	274	4
1490	308	4
1493	299	4
1496	307	4
1500	181	4
1503	287	4
1506	320	4
1509	275	4
1512	320	4
1515	318	4
1518	313	4
1521	321	4
1524	312	4
1527	323	4
1530	272	4
1533	265	4
1536	333	4
1539	310	4
1542	288	4
1546	328	4
1549	249	4
1552	309	4
1555	303	4
1558	275	4
1561	316	4
1564	327	4
1567	315	4
1570	303	4
1573	295	4
1576	261	4
1579	334	4
1582	298	4
1585	261	4
1588	318	4
1592	315	4
1595	297	4
1598	286	4
1601	313	4
1604	323	4
1607	301	4
1610	280	4
1613	323	4
1616	327	4
1619	280	4
1622	297	4
1625	308	4
1628	294	4
1631	215	4
1634	316	4
1638	321	4
1641	296	4
1644	307	4
1647	322	4
1650	308	4
1653	308	4
1656	324	4
1659	231	4
1662	296	4
1665	295	4
1668	272	4
1671	320	4
1674	289	4
1677	274	4
1680	327	4
1684	316	4
1687	304	4
1690	284	4
1693	310	4
1696	279	4
1699	308	4
1702	283	4
1705	326	4
1708	245	4
1711	298	4
1714	255	4
1717	305	4
1720	317	4
1723	304	4
1726	292	4
1730	304	4
1733	296	4
1736	294	4
1739	294	4
1742	302	4
1745	296	4
1748	297	4
1751	327	4
1754	330	4
1757	284	4
1760	294	4
1763	304	4
1766	328	4
1769	306	4
1772	305	4
1776	315	4
1779	319	4
1782	304	4
1785	271	4
1788	259	4
1791	307	4
1794	272	4
1797	282	4
1800	307	4
1803	264	4
1806	262	4
1809	307	4
1812	294	4
1815	271	4
1818	325	4
1822	304	4
1825	280	4
1828	308	4
1831	314	4
1834	289	4
1837	346	4
1840	319	4
1843	312	4
1846	306	4
1849	306	4
1852	346	4
1855	341	4
1858	293	4
1861	297	4
1864	285	4
