70	317	4
74	323	4
78	313	4
81	283	4
85	290	4
88	298	4
92	301	4
95	333	4
99	317	4
102	299	4
106	343	4
109	297	4
113	307	4
116	325	4
120	325	4
123	312	4
127	317	4
130	354	4
134	290	4
138	314	4
141	333	4
145	315	4
148	297	4
152	319	4
155	329	4
159	325	4
162	318	4
166	313	4
169	319	4
173	300	4
176	295	4
180	295	4
183	293	4
187	310	4
190	325	4
194	313	4
198	326	4
201	301	4
205	331	4
208	305	4
212	331	4
215	319	4
219	287	4
222	302	4
226	313	4
229	322	4
233	318	4
236	329	4
240	347	4
243	312	4
247	321	4
250	298	4
254	317	4
258	312	4
261	297	4
265	329	4
268	296	4
272	337	4
275	314	4
279	325	4
282	326	4
286	319	4
289	317	4
293	313	4
296	331	4
300	291	4
303	316	4
307	346	4
310	323	4
314	314	4
318	297	4
321	302	4
325	320	4
328	319	4
332	343	4
335	304	4
339	314	4
342	318	4
346	305	4
349	322	4
353	308	4
356	320	4
360	298	4
363	338	4
367	322	4
370	348	4
374	329	4
378	340	4
381	308	4
385	326	4
388	309	4
392	325	4
395	332	4
399	321	4
402	333	4
406	329	4
409	324	4
413	333	4
416	340	4
420	311	4
423	317	4
427	330	4
430	310	4
434	338	4
438	320	4
441	301	4
445	319	4
448	323	4
452	292	4
455	298	4
459	313	4
462	322	4
466	299	4
469	300	4
473	322	4
476	298	4
480	318	4
483	303	4
487	341	4
490	344	4
494	337	4
498	277	4
501	310	4
505	329	4
508	314	4
512	307	4
515	355	4
519	315	4
522	323	4
526	328	4
529	351	4
533	338	4
536	319	4
540	342	4
543	329	4
547	326	4
550	335	4
554	353	4
558	327	4
561	329	4
565	320	4
568	311	4
572	304	4
575	279	4
579	321	4
582	314	4
586	306	4
589	329	4
593	342	4
596	344	4
600	302	4
603	335	4
607	313	4
610	313	4
614	313	4
618	284	4
621	301	4
625	306	4
628	328	4
632	314	4
635	328	4
639	336	4
642	317	4
646	325	4
649	317	4
653	323	4
656	312	4
660	299	4
663	324	4
667	309	4
670	328	4
674	297	4
678	291	4
681	310	4
685	313	4
688	318	4
692	302	4
695	299	4
699	324	4
702	277	4
706	322	4
709	370	4
713	325	4
716	307	4
720	320	4
723	318	4
727	307	4
730	301	4
