70	304	4
75	308	4
80	310	4
85	301	4
90	300	4
95	312	4
100	270	4
105	319	4
110	297	4
115	301	4
120	276	4
125	299	4
130	264	4
135	293	4
140	299	4
145	348	4
150	298	4
155	329	4
160	308	4
165	308	4
170	311	4
175	298	4
180	317	4
185	328	4
190	302	4
195	320	4
200	319	4
204	277	4
209	315	4
214	283	4
219	304	4
224	297	4
229	314	4
234	317	4
239	310	4
244	298	4
249	316	4
254	324	4
259	299	4
264	299	4
269	332	4
274	310	4
279	302	4
284	298	4
289	285	4
294	296	4
299	309	4
304	305	4
309	311	4
314	309	4
319	321	4
324	350	4
329	361	4
334	335	4
338	326	4
343	294	4
348	314	4
353	320	4
358	315	4
363	280	4
368	303	4
373	303	4
378	309	4
383	297	4
388	293	4
393	328	4
398	318	4
403	319	4
408	326	4
413	290	4
418	308	4
423	322	4
428	306	4
433	284	4
438	367	4
443	317	4
448	316	4
453	302	4
458	297	4
463	321	4
467	298	4
472	318	4
477	306	4
482	318	4
487	345	4
492	306	4
497	328	4
502	287	4
507	304	4
512	271	4
517	315	4
522	328	4
527	307	4
532	331	4
537	328	4
542	355	4
547	295	4
552	306	4
557	293	4
562	312	4
567	317	4
572	295	4
577	295	4
582	318	4
587	290	4
592	295	4
597	305	4
601	305	4
606	289	4
611	304	4
616	319	4
621	268	4
626	292	4
631	274	4
636	291	4
641	291	4
646	316	4
651	288	4
656	297	4
661	329	4
666	283	4
671	284	4
676	309	4
681	280	4
686	289	4
691	308	4
696	282	4
701	292	4
706	327	4
711	308	4
716	313	4
721	274	4
726	324	4
730	281	4
