70	331	4
74	300	4
77	310	4
81	316	4
84	347	4
87	321	4
91	317	4
94	319	4
98	328	4
101	300	4
104	314	4
108	330	4
111	347	4
114	361	4
118	316	4
121	308	4
125	312	4
128	335	4
131	328	4
135	321	4
138	324	4
142	337	4
145	305	4
148	347	4
152	305	4
155	334	4
158	341	4
162	355	4
165	342	4
169	319	4
172	308	4
175	294	4
179	301	4
182	330	4
186	333	4
189	303	4
192	310	4
196	290	4
199	291	4
202	333	4
206	314	4
209	289	4
213	317	4
216	304	4
219	336	4
223	330	4
226	340	4
230	309	4
233	332	4
236	357	4
240	326	4
243	335	4
246	335	4
250	322	4
253	348	4
257	282	4
260	381	4
263	229	4
267	349	4
270	326	4
274	296	4
277	339	4
280	312	4
284	368	4
287	308	4
290	300	4
294	311	4
297	317	4
301	350	4
304	341	4
307	380	4
311	358	4
314	355	4
318	327	4
321	344	4
324	338	4
328	332	4
331	345	4
334	323	4
338	347	4
341	306	4
345	328	4
348	313	4
351	350	4
355	307	4
358	348	4
362	338	4
365	336	4
368	307	4
372	376	4
375	326	4
378	333	4
382	340	4
385	308	4
389	352	4
392	349	4
395	347	4
399	323	4
402	332	4
406	317	4
409	349	4
412	338	4
416	315	4
419	302	4
422	335	4
426	356	4
429	310	4
433	308	4
436	349	4
439	307	4
443	343	4
446	311	4
450	355	4
453	291	4
456	353	4
460	346	4
463	343	4
466	310	4
470	279	4
473	347	4
477	341	4
480	378	4
483	269	4
487	327	4
490	351	4
494	321	4
497	369	4
500	312	4
504	337	4
507	363	4
510	341	4
514	328	4
517	379	4
521	367	4
524	358	4
527	382	4
531	368	4
534	367	4
538	342	4
541	336	4
544	345	4
548	359	4
551	304	4
554	342	4
558	345	4
561	386	4
565	319	4
568	350	4
571	327	4
575	316	4
578	331	4
582	342	4
585	362	4
588	356	4
592	364	4
595	366	4
598	320	4
602	374	4
605	320	4
609	296	4
612	384	4
615	313	4
619	304	4
622	306	4
626	340	4
629	330	4
632	322	4
636	323	4
639	287	4
642	317	4
646	318	4
649	325	4
653	294	4
656	322	4
659	313	4
663	341	4
666	304	4
670	337	4
673	319	4
676	320	4
680	294	4
683	325	4
686	318	4
690	339	4
693	332	4
697	342	4
700	311	4
703	305	4
707	337	4
710	362	4
714	350	4
717	306	4
720	333	4
724	361	4
727	345	4
730	375	4
