70	300	4
74	296	4
78	336	4
82	307	4
85	299	4
89	302	4
93	314	4
97	319	4
100	301	4
104	308	4
108	316	4
112	307	4
115	315	4
119	316	4
123	301	4
127	320	4
130	317	4
134	314	4
138	316	4
142	290	4
145	317	4
149	328	4
153	314	4
157	320	4
160	305	4
164	317	4
168	286	4
172	322	4
175	293	4
179	316	4
183	315	4
187	328	4
190	313	4
194	310	4
198	309	4
202	318	4
205	306	4
209	305	4
213	313	4
217	303	4
220	318	4
224	283	4
228	320	4
232	328	4
235	314	4
239	311	4
243	355	4
247	329	4
250	307	4
254	330	4
258	316	4
262	315	4
265	320	4
269	303	4
273	320	4
277	299	4
280	319	4
284	304	4
288	309	4
292	304	4
295	323	4
299	312	4
303	304	4
307	338	4
310	316	4
314	301	4
318	324	4
322	305	4
325	280	4
329	320	4
333	309	4
337	310	4
341	318	4
344	326	4
348	325	4
352	287	4
355	302	4
359	303	4
363	321	4
367	316	4
370	301	4
374	333	4
378	317	4
382	294	4
385	318	4
389	317	4
393	308	4
397	304	4
400	300	4
404	308	4
408	309	4
412	303	4
415	309	4
419	253	4
423	294	4
427	318	4
430	309	4
434	307	4
438	311	4
442	304	4
445	309	4
449	295	4
453	319	4
457	314	4
460	323	4
464	297	4
468	285	4
472	316	4
475	301	4
479	299	4
483	328	4
487	292	4
490	314	4
494	302	4
498	310	4
502	314	4
505	286	4
509	296	4
513	333	4
517	331	4
520	305	4
524	311	4
528	306	4
532	331	4
535	305	4
539	303	4
543	307	4
547	309	4
550	284	4
554	313	4
558	312	4
562	310	4
565	308	4
569	318	4
573	310	4
577	301	4
580	309	4
584	273	4
588	299	4
592	311	4
595	311	4
599	333	4
603	303	4
607	336	4
610	304	4
614	315	4
618	306	4
622	320	4
625	303	4
629	317	4
633	332	4
637	310	4
640	322	4
644	317	4
648	306	4
652	323	4
655	305	4
659	306	4
663	306	4
667	298	4
670	314	4
674	312	4
678	300	4
682	320	4
685	318	4
689	317	4
693	315	4
697	315	4
700	309	4
704	305	4
708	298	4
712	308	4
715	312	4
719	292	4
723	338	4
727	313	4
730	323	4
