70	311	4
74	313	4
78	314	4
81	302	4
85	297	4
88	311	4
92	311	4
95	308	4
99	318	4
102	318	4
106	327	4
109	300	4
113	321	4
116	314	4
120	299	4
123	322	4
127	316	4
130	360	4
134	333	4
138	305	4
141	316	4
145	326	4
148	323	4
152	323	4
155	329	4
159	325	4
162	302	4
166	318	4
169	311	4
173	312	4
176	305	4
180	288	4
183	325	4
187	324	4
190	281	4
194	293	4
198	337	4
201	294	4
205	333	4
208	322	4
212	305	4
215	297	4
219	310	4
222	341	4
226	305	4
229	309	4
233	314	4
236	322	4
240	339	4
243	295	4
247	304	4
250	301	4
254	324	4
258	315	4
261	297	4
265	332	4
268	286	4
272	333	4
275	291	4
279	319	4
282	323	4
286	313	4
289	309	4
293	334	4
296	324	4
300	305	4
303	305	4
307	323	4
310	330	4
314	314	4
318	304	4
321	295	4
325	298	4
328	315	4
332	322	4
335	320	4
339	318	4
342	307	4
346	313	4
349	320	4
353	294	4
356	311	4
360	303	4
363	312	4
367	311	4
370	332	4
374	318	4
378	341	4
381	312	4
385	302	4
388	300	4
392	342	4
395	301	4
399	325	4
402	330	4
406	343	4
409	312	4
413	337	4
416	318	4
420	307	4
423	321	4
427	304	4
430	315	4
434	321	4
438	311	4
441	319	4
445	316	4
448	314	4
452	299	4
455	311	4
459	308	4
462	310	4
466	300	4
469	295	4
473	268	4
476	303	4
480	301	4
483	305	4
487	339	4
490	309	4
494	328	4
498	315	4
501	310	4
505	302	4
508	316	4
512	309	4
515	341	4
519	325	4
522	310	4
526	312	4
529	350	4
533	334	4
536	315	4
540	317	4
543	319	4
547	313	4
550	309	4
554	299	4
558	309	4
561	313	4
565	310	4
568	312	4
572	306	4
575	294	4
579	294	4
582	290	4
586	286	4
589	306	4
593	314	4
596	329	4
600	311	4
603	319	4
607	334	4
610	319	4
614	291	4
618	307	4
621	314	4
625	331	4
628	319	4
632	329	4
635	331	4
639	332	4
642	274	4
646	322	4
649	310	4
653	331	4
656	308	4
660	296	4
663	310	4
667	307	4
670	325	4
674	287	4
678	288	4
681	312	4
685	317	4
688	289	4
692	291	4
695	294	4
699	309	4
702	294	4
706	321	4
709	357	4
713	327	4
716	329	4
720	304	4
723	303	4
727	326	4
730	291	4
70	319	4
74	294	4
78	322	4
81	319	4
85	298	4
88	309	4
92	303	4
95	319	4
99	311	4
102	294	4
106	305	4
109	301	4
113	304	4
116	320	4
120	297	4
123	317	4
127	309	4
130	322	4
134	307	4
138	314	4
141	313	4
145	340	4
148	309	4
152	300	4
155	320	4
159	292	4
162	306	4
166	289	4
169	308	4
173	297	4
176	304	4
180	284	4
183	313	4
187	315	4
190	289	4
194	320	4
198	315	4
201	299	4
205	315	4
208	311	4
212	313	4
215	312	4
219	298	4
222	308	4
226	306	4
229	311	4
233	315	4
236	312	4
240	320	4
243	306	4
247	312	4
250	319	4
254	302	4
258	333	4
261	314	4
265	304	4
268	308	4
272	320	4
275	305	4
279	321	4
282	312	4
286	309	4
289	320	4
293	313	4
296	313	4
300	317	4
303	304	4
307	315	4
310	308	4
314	317	4
318	301	4
321	300	4
325	324	4
328	312	4
332	285	4
335	329	4
339	320	4
342	273	4
346	319	4
349	315	4
353	319	4
356	323	4
360	324	4
363	312	4
367	304	4
370	326	4
374	320	4
378	336	4
381	318	4
385	246	4
388	287	4
392	319	4
395	306	4
399	291	4
402	308	4
406	307	4
409	309	4
413	294	4
416	324	4
420	304	4
423	324	4
427	319	4
430	324	4
434	327	4
438	302	4
441	320	4
445	307	4
448	289	4
452	307	4
455	323	4
459	305	4
462	316	4
466	297	4
469	306	4
473	325	4
476	279	4
480	317	4
483	319	4
487	325	4
490	312	4
494	326	4
498	296	4
501	267	4
505	316	4
508	328	4
512	322	4
515	310	4
519	320	4
522	315	4
526	319	4
529	317	4
533	267	4
536	312	4
540	304	4
543	328	4
547	321	4
550	319	4
554	314	4
558	316	4
561	290	4
565	321	4
568	299	4
572	293	4
575	306	4
579	319	4
582	323	4
586	307	4
589	310	4
593	312	4
596	317	4
600	312	4
603	321	4
607	292	4
610	315	4
614	322	4
618	316	4
621	282	4
625	301	4
628	326	4
632	308	4
635	319	4
639	326	4
642	278	4
646	313	4
649	278	4
653	338	4
656	313	4
660	317	4
663	285	4
667	304	4
670	313	4
674	313	4
678	305	4
681	305	4
685	315	4
688	319	4
692	307	4
695	300	4
699	281	4
702	294	4
706	320	4
709	297	4
713	328	4
716	309	4
720	319	4
723	314	4
727	304	4
730	314	4
70	307	4
74	324	4
78	295	4
81	205	4
85	287	4
88	317	4
92	271	4
95	316	4
99	305	4
102	341	4
106	266	4
109	300	4
113	281	4
116	309	4
120	299	4
123	330	4
127	314	4
130	338	4
134	332	4
138	303	4
141	300	4
145	347	4
148	303	4
152	319	4
155	332	4
159	318	4
162	242	4
166	272	4
169	299	4
173	303	4
176	292	4
180	287	4
183	289	4
187	309	4
190	287	4
194	299	4
198	344	4
201	242	4
205	298	4
208	312	4
212	293	4
215	267	4
219	309	4
222	309	4
226	304	4
229	304	4
233	310	4
236	343	4
240	329	4
243	284	4
247	324	4
250	298	4
254	306	4
258	311	4
261	297	4
265	308	4
268	281	4
272	315	4
275	317	4
279	314	4
282	299	4
286	318	4
289	315	4
293	290	4
296	331	4
300	312	4
303	310	4
307	351	4
310	340	4
314	318	4
318	297	4
321	312	4
325	299	4
328	320	4
332	305	4
335	320	4
339	323	4
342	278	4
346	329	4
349	325	4
353	235	4
356	297	4
360	334	4
363	288	4
367	331	4
370	326	4
374	307	4
378	332	4
381	315	4
385	203	4
388	284	4
392	343	4
395	319	4
399	280	4
402	331	4
406	290	4
409	309	4
413	320	4
416	312	4
420	314	4
423	336	4
427	342	4
430	309	4
434	271	4
438	294	4
441	191	4
445	310	4
448	331	4
452	276	4
455	311	4
459	302	4
462	220	4
466	294	4
469	300	4
473	148	4
476	218	4
480	196	4
483	277	4
487	333	4
490	318	4
494	319	4
498	336	4
501	310	4
505	327	4
508	312	4
512	336	4
515	339	4
519	249	4
522	245	4
526	300	4
529	340	4
533	335	4
536	318	4
540	350	4
543	311	4
547	321	4
550	325	4
554	363	4
558	227	4
561	294	4
565	324	4
568	290	4
572	286	4
575	302	4
579	318	4
582	307	4
586	323	4
589	310	4
593	286	4
596	327	4
600	329	4
603	306	4
607	324	4
610	338	4
614	314	4
618	319	4
621	299	4
625	328	4
628	330	4
632	333	4
635	335	4
639	348	4
642	291	4
646	297	4
649	305	4
653	307	4
656	282	4
660	210	4
663	318	4
667	304	4
670	327	4
674	312	4
678	276	4
681	306	4
685	284	4
688	188	4
692	273	4
695	312	4
699	326	4
702	249	4
706	333	4
709	350	4
713	310	4
716	325	4
720	317	4
723	292	4
727	326	4
730	344	4
70	317	4
74	323	4
78	313	4
81	283	4
85	290	4
88	298	4
92	301	4
95	333	4
99	317	4
102	299	4
106	343	4
109	297	4
113	307	4
116	325	4
120	325	4
123	312	4
127	317	4
130	354	4
134	290	4
138	314	4
141	333	4
145	315	4
148	297	4
152	319	4
155	329	4
159	325	4
162	318	4
166	313	4
169	319	4
173	300	4
176	295	4
180	295	4
183	293	4
187	310	4
190	325	4
194	313	4
198	326	4
201	301	4
205	331	4
208	305	4
212	331	4
215	319	4
219	287	4
222	302	4
226	313	4
229	322	4
233	318	4
236	329	4
240	347	4
243	312	4
247	321	4
250	298	4
254	317	4
258	312	4
261	297	4
265	329	4
268	296	4
272	337	4
275	314	4
279	325	4
282	326	4
286	319	4
289	317	4
293	313	4
296	331	4
300	291	4
303	316	4
307	346	4
310	323	4
314	314	4
318	297	4
321	302	4
325	320	4
328	319	4
332	343	4
335	304	4
339	314	4
342	318	4
346	305	4
349	322	4
353	308	4
356	320	4
360	298	4
363	338	4
367	322	4
370	348	4
374	329	4
378	340	4
381	308	4
385	326	4
388	309	4
392	325	4
395	332	4
399	321	4
402	333	4
406	329	4
409	324	4
413	333	4
416	340	4
420	311	4
423	317	4
427	330	4
430	310	4
434	338	4
438	320	4
441	301	4
445	319	4
448	323	4
452	292	4
455	298	4
459	313	4
462	322	4
466	299	4
469	300	4
473	322	4
476	298	4
480	318	4
483	303	4
487	341	4
490	344	4
494	337	4
498	277	4
501	310	4
505	329	4
508	314	4
512	307	4
515	355	4
519	315	4
522	323	4
526	328	4
529	351	4
533	338	4
536	319	4
540	342	4
543	329	4
547	326	4
550	335	4
554	353	4
558	327	4
561	329	4
565	320	4
568	311	4
572	304	4
575	279	4
579	321	4
582	314	4
586	306	4
589	329	4
593	342	4
596	344	4
600	302	4
603	335	4
607	313	4
610	313	4
614	313	4
618	284	4
621	301	4
625	306	4
628	328	4
632	314	4
635	328	4
639	336	4
642	317	4
646	325	4
649	317	4
653	323	4
656	312	4
660	299	4
663	324	4
667	309	4
670	328	4
674	297	4
678	291	4
681	310	4
685	313	4
688	318	4
692	302	4
695	299	4
699	324	4
702	277	4
706	322	4
709	370	4
713	325	4
716	307	4
720	320	4
723	318	4
727	307	4
730	301	4
70	323	4
74	323	4
78	313	4
81	312	4
85	315	4
88	308	4
92	319	4
95	325	4
99	309	4
102	304	4
106	294	4
109	298	4
113	305	4
116	322	4
120	337	4
123	348	4
127	328	4
130	342	4
134	280	4
138	312	4
141	330	4
145	319	4
148	308	4
152	316	4
155	333	4
159	329	4
162	318	4
166	301	4
169	297	4
173	315	4
176	299	4
180	292	4
183	305	4
187	326	4
190	295	4
194	270	4
198	338	4
201	319	4
205	331	4
208	291	4
212	305	4
215	314	4
219	325	4
222	351	4
226	311	4
229	320	4
233	346	4
236	316	4
240	322	4
243	290	4
247	319	4
250	316	4
254	309	4
258	292	4
261	311	4
265	323	4
268	308	4
272	304	4
275	303	4
279	313	4
282	303	4
286	323	4
289	321	4
293	353	4
296	330	4
300	283	4
303	329	4
307	318	4
310	337	4
314	299	4
318	288	4
321	294	4
325	320	4
328	322	4
332	321	4
335	314	4
339	311	4
342	305	4
346	319	4
349	311	4
353	292	4
356	323	4
360	317	4
363	323	4
367	311	4
370	335	4
374	331	4
378	344	4
381	333	4
385	330	4
388	313	4
392	334	4
395	327	4
399	296	4
402	300	4
406	318	4
409	324	4
413	338	4
416	303	4
420	332	4
423	304	4
427	316	4
430	313	4
434	318	4
438	318	4
441	322	4
445	302	4
448	275	4
452	299	4
455	347	4
459	319	4
462	299	4
466	283	4
469	297	4
473	302	4
476	310	4
480	313	4
483	335	4
487	334	4
490	300	4
494	314	4
498	328	4
501	279	4
505	332	4
508	343	4
512	321	4
515	318	4
519	288	4
522	331	4
526	323	4
529	367	4
533	324	4
536	324	4
540	318	4
543	315	4
547	302	4
550	321	4
554	317	4
558	308	4
561	311	4
565	325	4
568	276	4
572	306	4
575	284	4
579	313	4
582	307	4
586	301	4
589	325	4
593	312	4
596	322	4
600	317	4
603	314	4
607	263	4
610	330	4
614	316	4
618	293	4
621	357	4
625	308	4
628	310	4
632	317	4
635	320	4
639	351	4
642	307	4
646	324	4
649	284	4
653	327	4
656	308	4
660	318	4
663	324	4
667	344	4
670	350	4
674	299	4
678	306	4
681	316	4
685	317	4
688	340	4
692	305	4
695	314	4
699	299	4
702	300	4
706	299	4
709	339	4
713	342	4
716	326	4
720	329	4
723	319	4
727	331	4
730	309	4
