70	304	4
76	331	4
82	224	4
88	306	4
94	297	4
100	316	4
106	318	4
112	316	4
118	231	4
124	294	4
130	313	4
136	289	4
142	284	4
148	360	4
154	324	4
160	328	4
166	331	4
172	333	4
178	292	4
184	304	4
190	347	4
196	246	4
202	306	4
208	284	4
214	322	4
220	302	4
226	321	4
232	336	4
238	265	4
244	342	4
250	314	4
256	312	4
262	335	4
268	303	4
274	333	4
280	326	4
286	343	4
292	305	4
298	323	4
304	310	4
310	326	4
316	343	4
322	275	4
328	341	4
334	290	4
341	321	4
346	338	4
352	262	4
358	317	4
364	284	4
370	321	4
376	321	4
382	297	4
388	324	4
394	331	4
400	339	4
406	302	4
412	297	4
418	263	4
424	315	4
430	292	4
437	354	4
442	315	4
448	319	4
454	337	4
460	322	4
466	344	4
473	301	4
478	236	4
484	285	4
490	322	4
496	324	4
502	291	4
508	324	4
514	338	4
520	346	4
526	328	4
532	336	4
538	313	4
544	333	4
550	331	4
556	309	4
562	328	4
568	334	4
574	315	4
580	308	4
586	317	4
592	273	4
598	317	4
604	299	4
610	229	4
616	356	4
622	326	4
628	262	4
634	319	4
640	301	4
646	319	4
652	202	4
658	289	4
664	320	4
670	332	4
676	346	4
682	286	4
688	331	4
694	343	4
700	321	4
706	271	4
712	319	4
718	256	4
724	334	4
730	325	4
