70	265	4
79	361	4
87	309	4
96	288	4
104	331	4
112	304	4
121	300	4
129	311	4
137	321	4
146	306	4
154	319	4
162	292	4
171	323	4
179	300	4
187	280	4
196	261	4
204	273	4
213	334	4
221	293	4
229	301	4
238	298	4
246	325	4
254	304	4
263	275	4
271	317	4
279	302	4
288	243	4
296	308	4
304	327	4
313	297	4
321	320	4
329	260	4
338	286	4
346	315	4
355	304	4
363	316	4
371	283	4
380	263	4
388	318	4
396	319	4
405	217	4
413	200	4
421	295	4
430	303	4
438	308	4
446	299	4
455	255	4
463	313	4
472	307	4
480	303	4
488	321	4
497	315	4
505	309	4
513	284	4
522	317	4
530	277	4
538	336	4
547	326	4
555	307	4
563	311	4
572	283	4
580	281	4
588	263	4
597	265	4
605	308	4
614	325	4
622	278	4
630	280	4
639	330	4
647	296	4
655	336	4
664	313	4
672	291	4
680	299	4
689	302	4
697	316	4
705	232	4
714	316	4
722	252	4
730	259	4
