70	325	4
74	320	4
77	360	4
81	313	4
84	330	4
88	308	4
91	324	4
95	293	4
98	313	4
102	314	4
105	306	4
109	307	4
112	302	4
115	365	4
119	293	4
122	316	4
126	282	4
129	307	4
133	327	4
136	323	4
140	339	4
143	326	4
147	285	4
150	296	4
153	321	4
157	322	4
160	318	4
164	341	4
167	311	4
171	264	4
174	310	4
178	316	4
181	293	4
185	269	4
188	311	4
191	320	4
195	314	4
198	300	4
202	291	4
205	336	4
209	181	4
212	302	4
216	230	4
219	311	4
223	285	4
226	316	4
229	299	4
233	303	4
236	316	4
240	311	4
243	263	4
247	297	4
250	275	4
254	311	4
257	325	4
261	322	4
264	320	4
267	260	4
271	305	4
274	326	4
278	328	4
281	317	4
285	324	4
288	304	4
292	306	4
295	315	4
299	291	4
302	299	4
305	261	4
309	316	4
312	264	4
316	288	4
319	336	4
323	281	4
326	299	4
330	345	4
333	229	4
337	326	4
340	311	4
343	250	4
347	295	4
350	280	4
354	261	4
357	299	4
361	328	4
364	311	4
368	308	4
371	305	4
375	296	4
378	309	4
381	320	4
385	309	4
388	296	4
392	297	4
395	334	4
399	318	4
402	206	4
406	268	4
409	279	4
413	307	4
416	303	4
420	309	4
423	314	4
426	293	4
430	325	4
433	332	4
437	301	4
440	327	4
444	335	4
447	309	4
451	285	4
454	349	4
458	352	4
461	334	4
464	335	4
468	333	4
471	341	4
475	312	4
478	279	4
482	267	4
485	281	4
489	338	4
492	308	4
496	325	4
499	294	4
502	359	4
506	284	4
509	325	4
513	313	4
516	326	4
520	329	4
523	325	4
527	315	4
530	340	4
534	320	4
537	301	4
540	270	4
544	303	4
547	307	4
551	294	4
554	303	4
558	313	4
561	266	4
565	305	4
568	298	4
572	315	4
575	316	4
578	319	4
582	303	4
585	376	4
589	317	4
592	344	4
596	176	4
599	309	4
603	242	4
606	323	4
610	350	4
613	345	4
616	354	4
620	327	4
623	313	4
627	318	4
630	289	4
634	343	4
637	312	4
641	327	4
644	249	4
648	317	4
651	298	4
654	303	4
658	320	4
661	312	4
665	253	4
668	317	4
672	299	4
675	331	4
679	282	4
682	359	4
686	306	4
689	299	4
692	305	4
696	332	4
699	315	4
703	325	4
706	317	4
710	328	4
713	289	4
717	323	4
720	313	4
724	261	4
727	326	4
730	306	4
