70	356	4
73	312	4
76	299	4
79	287	4
82	316	4
85	334	4
88	309	4
91	318	4
94	293	4
97	322	4
100	323	4
103	308	4
106	266	4
109	310	4
112	307	4
115	292	4
118	307	4
121	301	4
124	316	4
127	311	4
130	292	4
133	315	4
136	293	4
139	312	4
142	313	4
145	319	4
148	312	4
151	291	4
154	306	4
157	323	4
160	305	4
163	332	4
166	331	4
169	306	4
172	351	4
175	304	4
178	344	4
181	299	4
184	335	4
187	335	4
190	317	4
193	290	4
196	324	4
199	305	4
202	321	4
205	318	4
208	311	4
211	298	4
214	293	4
217	317	4
220	323	4
223	307	4
226	324	4
229	310	4
232	306	4
235	312	4
238	353	4
241	315	4
244	305	4
247	299	4
250	308	4
253	296	4
256	321	4
259	278	4
262	315	4
265	349	4
268	302	4
271	330	4
274	332	4
277	322	4
280	311	4
283	314	4
286	296	4
289	343	4
291	305	4
294	299	4
297	291	4
300	320	4
303	323	4
306	311	4
309	293	4
312	320	4
315	300	4
318	317	4
321	323	4
324	312	4
327	314	4
330	333	4
333	307	4
336	318	4
339	302	4
342	271	4
345	278	4
348	315	4
351	306	4
354	320	4
357	306	4
360	326	4
363	326	4
366	305	4
369	277	4
372	294	4
375	299	4
378	301	4
381	316	4
384	300	4
387	333	4
390	287	4
393	297	4
396	312	4
399	320	4
402	309	4
405	323	4
408	303	4
411	279	4
414	287	4
417	315	4
420	302	4
423	311	4
426	286	4
429	298	4
432	339	4
435	274	4
438	304	4
441	315	4
444	306	4
447	287	4
450	301	4
453	311	4
456	304	4
459	291	4
462	346	4
465	309	4
468	330	4
471	300	4
474	309	4
477	300	4
480	353	4
483	294	4
486	308	4
489	327	4
492	288	4
495	283	4
498	307	4
501	313	4
504	301	4
507	305	4
510	290	4
512	288	4
515	334	4
518	299	4
521	285	4
524	315	4
527	306	4
530	327	4
533	314	4
536	301	4
539	321	4
542	302	4
545	321	4
548	272	4
551	296	4
554	323	4
557	308	4
560	310	4
563	321	4
566	306	4
569	306	4
572	305	4
575	301	4
578	316	4
581	329	4
584	326	4
587	314	4
590	306	4
593	320	4
596	297	4
599	306	4
602	314	4
605	321	4
608	319	4
611	311	4
614	327	4
617	288	4
620	254	4
623	308	4
626	326	4
629	349	4
632	324	4
635	304	4
638	323	4
641	304	4
644	330	4
647	327	4
650	304	4
653	308	4
656	308	4
659	304	4
662	313	4
665	291	4
668	319	4
671	272	4
674	331	4
677	316	4
680	306	4
683	320	4
686	337	4
689	338	4
692	316	4
695	317	4
698	319	4
701	334	4
704	306	4
707	290	4
710	298	4
713	337	4
716	283	4
719	321	4
722	309	4
725	298	4
728	301	4
730	316	4
