70	315	4
82	334	4
94	346	4
105	338	4
117	337	4
128	324	4
140	338	4
152	350	4
163	308	4
175	322	4
186	310	4
198	328	4
209	325	4
221	316	4
233	345	4
244	313	4
256	313	4
267	310	4
279	317	4
290	308	4
302	303	4
314	303	4
325	322	4
337	348	4
348	308	4
360	307	4
372	342	4
383	330	4
395	323	4
406	308	4
418	285	4
429	319	4
441	332	4
453	326	4
464	309	4
476	326	4
487	341	4
499	333	4
510	318	4
522	326	4
534	308	4
545	311	4
557	322	4
568	329	4
580	322	4
592	323	4
603	312	4
615	322	4
626	314	4
638	339	4
649	302	4
661	329	4
673	322	4
684	315	4
696	323	4
707	289	4
719	296	4
730	310	4
70	304	4
82	291	4
94	305	4
105	303	4
117	325	4
128	255	4
140	317	4
152	300	4
163	310	4
175	315	4
186	331	4
198	311	4
209	321	4
221	300	4
233	304	4
244	296	4
256	316	4
267	331	4
279	304	4
290	311	4
302	315	4
314	316	4
325	304	4
337	312	4
348	314	4
360	296	4
372	339	4
383	329	4
395	307	4
406	315	4
418	317	4
429	308	4
441	314	4
453	292	4
464	325	4
476	317	4
487	330	4
499	329	4
510	330	4
522	307	4
534	321	4
545	270	4
557	315	4
568	326	4
580	297	4
592	301	4
603	315	4
615	302	4
626	312	4
638	302	4
649	289	4
661	316	4
673	332	4
684	342	4
696	310	4
707	318	4
719	306	4
730	314	4
70	313	4
82	313	4
94	278	4
105	319	4
117	299	4
128	273	4
140	325	4
152	307	4
163	312	4
175	343	4
186	316	4
198	327	4
209	256	4
221	214	4
233	328	4
244	281	4
256	301	4
267	291	4
279	317	4
290	348	4
302	297	4
314	343	4
325	329	4
337	316	4
348	346	4
360	301	4
372	323	4
383	311	4
395	324	4
406	319	4
418	285	4
429	277	4
441	275	4
453	312	4
464	321	4
476	261	4
487	310	4
499	323	4
510	319	4
522	334	4
534	310	4
545	332	4
557	342	4
568	289	4
580	306	4
592	278	4
603	300	4
615	304	4
626	279	4
638	330	4
649	289	4
661	328	4
673	345	4
684	215	4
696	338	4
707	323	4
719	275	4
730	293	4
70	310	4
82	320	4
94	322	4
105	323	4
117	311	4
128	320	4
140	329	4
152	325	4
163	320	4
175	301	4
186	312	4
198	322	4
209	315	4
221	297	4
233	328	4
244	299	4
256	310	4
267	323	4
279	310	4
290	306	4
302	293	4
314	311	4
325	321	4
337	323	4
348	298	4
360	294	4
372	317	4
383	311	4
395	315	4
406	306	4
418	293	4
429	310	4
441	325	4
453	324	4
464	319	4
476	289	4
487	317	4
499	319	4
510	315	4
522	320	4
534	283	4
545	324	4
557	322	4
568	312	4
580	299	4
592	299	4
603	315	4
615	289	4
626	299	4
638	319	4
649	313	4
661	312	4
673	325	4
684	310	4
696	336	4
707	300	4
719	295	4
730	316	4
70	321	4
82	322	4
94	306	4
105	325	4
117	313	4
128	323	4
140	321	4
152	324	4
163	324	4
175	328	4
186	318	4
198	323	4
209	331	4
221	317	4
233	350	4
244	291	4
256	310	4
267	260	4
279	311	4
290	300	4
302	278	4
314	306	4
325	292	4
337	302	4
348	293	4
360	291	4
372	306	4
383	315	4
395	306	4
406	282	4
418	267	4
429	326	4
441	301	4
453	321	4
464	309	4
476	285	4
487	284	4
499	299	4
510	288	4
522	294	4
534	286	4
545	297	4
557	300	4
568	272	4
580	310	4
592	291	4
603	307	4
615	278	4
626	286	4
638	308	4
649	287	4
661	292	4
673	312	4
684	304	4
696	296	4
707	284	4
719	287	4
730	329	4
