70	247	4
73	333	4
76	304	4
79	335	4
81	257	4
84	330	4
87	316	4
90	333	4
92	319	4
95	300	4
98	291	4
101	219	4
103	293	4
106	319	4
109	315	4
112	324	4
114	301	4
117	321	4
120	300	4
123	278	4
125	323	4
128	263	4
131	303	4
133	262	4
136	312	4
139	269	4
142	314	4
144	309	4
147	341	4
150	285	4
153	333	4
155	312	4
158	300	4
161	273	4
164	309	4
166	359	4
169	309	4
172	318	4
175	306	4
177	296	4
180	350	4
183	354	4
185	342	4
188	256	4
191	295	4
194	301	4
196	286	4
199	287	4
202	311	4
205	286	4
207	304	4
210	315	4
213	309	4
216	322	4
218	354	4
221	288	4
224	336	4
227	237	4
229	331	4
232	319	4
235	324	4
238	310	4
240	315	4
243	307	4
246	312	4
248	310	4
251	322	4
254	305	4
257	332	4
259	355	4
262	329	4
265	317	4
268	319	4
270	318	4
273	332	4
276	251	4
279	289	4
281	298	4
284	332	4
287	315	4
290	297	4
292	326	4
295	276	4
298	282	4
300	326	4
303	300	4
306	258	4
309	353	4
311	305	4
314	297	4
317	291	4
320	295	4
322	292	4
325	291	4
328	306	4
331	301	4
333	323	4
336	339	4
339	282	4
342	313	4
344	301	4
347	259	4
350	294	4
352	317	4
355	300	4
358	309	4
361	326	4
363	309	4
366	325	4
369	319	4
372	333	4
374	313	4
377	328	4
380	348	4
383	340	4
385	328	4
388	322	4
391	338	4
394	269	4
396	320	4
399	295	4
402	309	4
404	309	4
407	297	4
410	345	4
413	199	4
415	314	4
418	275	4
421	295	4
424	292	4
426	330	4
429	299	4
432	310	4
435	315	4
437	270	4
440	298	4
443	337	4
446	312	4
448	286	4
451	305	4
454	331	4
457	335	4
459	341	4
462	297	4
465	347	4
467	323	4
470	260	4
473	289	4
476	291	4
478	320	4
481	304	4
484	296	4
487	300	4
489	327	4
492	331	4
495	336	4
498	316	4
500	380	4
503	301	4
506	351	4
509	337	4
511	314	4
514	319	4
517	331	4
519	334	4
522	356	4
525	331	4
528	300	4
530	322	4
533	343	4
536	333	4
539	330	4
541	332	4
544	306	4
547	347	4
550	330	4
552	304	4
555	351	4
558	344	4
561	334	4
563	308	4
566	313	4
569	348	4
571	343	4
574	358	4
577	350	4
580	344	4
582	350	4
585	296	4
588	317	4
591	338	4
593	295	4
596	342	4
599	322	4
602	322	4
604	283	4
607	302	4
610	319	4
613	318	4
615	309	4
618	270	4
621	302	4
624	343	4
626	336	4
629	364	4
632	340	4
634	286	4
637	314	4
640	335	4
643	324	4
645	368	4
648	336	4
651	287	4
654	322	4
656	325	4
659	338	4
662	312	4
665	269	4
667	329	4
670	308	4
673	308	4
676	276	4
678	299	4
681	331	4
684	329	4
686	327	4
689	325	4
692	352	4
695	313	4
697	300	4
700	329	4
703	315	4
706	325	4
708	300	4
711	326	4
714	243	4
717	355	4
719	300	4
722	243	4
725	332	4
728	282	4
730	321	4
733	302	4
736	272	4
738	343	4
