70	360	4
74	250	4
77	298	4
81	315	4
84	306	4
87	258	4
91	325	4
94	132	4
97	229	4
101	302	4
104	296	4
107	283	4
111	315	4
114	299	4
117	311	4
121	300	4
124	322	4
127	303	4
131	314	4
134	306	4
138	335	4
141	331	4
144	298	4
148	326	4
151	329	4
154	323	4
158	322	4
161	294	4
164	314	4
168	341	4
171	387	4
174	326	4
178	316	4
181	323	4
184	337	4
188	316	4
191	331	4
194	309	4
198	293	4
201	260	4
205	325	4
208	302	4
211	306	4
215	321	4
218	292	4
221	327	4
225	320	4
228	296	4
231	319	4
235	277	4
238	333	4
241	321	4
245	299	4
248	324	4
251	280	4
255	329	4
258	322	4
261	293	4
265	286	4
268	328	4
272	301	4
275	324	4
278	308	4
282	316	4
285	289	4
288	320	4
292	308	4
295	286	4
298	309	4
302	284	4
305	288	4
308	310	4
312	233	4
315	335	4
318	309	4
322	307	4
325	335	4
328	286	4
332	308	4
335	292	4
339	266	4
342	289	4
345	280	4
349	310	4
352	265	4
355	304	4
359	272	4
362	309	4
365	332	4
369	306	4
372	307	4
375	298	4
379	347	4
382	313	4
385	319	4
389	329	4
392	297	4
395	302	4
399	314	4
402	318	4
406	340	4
409	285	4
412	290	4
416	302	4
419	326	4
422	309	4
426	323	4
429	302	4
432	368	4
436	310	4
439	315	4
442	338	4
446	335	4
449	330	4
452	296	4
456	283	4
459	321	4
462	278	4
466	295	4
469	333	4
473	318	4
476	310	4
479	319	4
483	312	4
486	299	4
489	340	4
493	336	4
496	307	4
499	320	4
503	347	4
506	278	4
509	292	4
513	272	4
516	333	4
519	302	4
523	318	4
526	332	4
529	326	4
533	274	4
536	319	4
540	320	4
543	320	4
546	310	4
550	326	4
553	308	4
556	332	4
560	323	4
563	325	4
566	341	4
570	311	4
573	307	4
576	304	4
580	288	4
583	322	4
586	309	4
590	300	4
593	319	4
596	279	4
600	262	4
603	336	4
607	329	4
610	323	4
613	307	4
617	241	4
620	293	4
623	327	4
627	309	4
630	309	4
633	304	4
637	324	4
640	306	4
643	277	4
647	269	4
650	317	4
653	360	4
657	311	4
660	313	4
663	315	4
667	308	4
670	282	4
674	261	4
677	345	4
680	316	4
684	257	4
687	252	4
690	317	4
694	324	4
697	318	4
700	300	4
704	301	4
707	310	4
710	344	4
714	282	4
717	293	4
720	308	4
724	287	4
727	256	4
730	303	4
