70	310	4
73	345	4
76	323	4
79	298	4
82	302	4
85	352	4
88	326	4
90	314	4
93	306	4
96	330	4
99	298	4
102	320	4
105	321	4
107	314	4
110	310	4
113	344	4
116	319	4
119	308	4
122	338	4
125	314	4
127	318	4
130	292	4
133	346	4
136	316	4
139	310	4
142	320	4
144	273	4
147	299	4
150	337	4
153	329	4
156	361	4
159	290	4
161	346	4
164	313	4
167	317	4
170	298	4
173	303	4
176	309	4
179	323	4
181	303	4
184	317	4
187	340	4
190	307	4
193	318	4
196	324	4
198	311	4
201	293	4
204	298	4
207	313	4
210	289	4
213	317	4
215	300	4
218	321	4
221	320	4
224	318	4
227	298	4
230	296	4
233	326	4
235	316	4
238	284	4
241	301	4
244	324	4
247	340	4
250	311	4
252	320	4
255	329	4
258	327	4
261	338	4
264	307	4
267	325	4
269	315	4
272	297	4
275	328	4
278	300	4
281	303	4
284	324	4
287	294	4
289	321	4
292	315	4
295	321	4
298	305	4
301	294	4
304	296	4
306	309	4
309	340	4
312	309	4
315	310	4
318	321	4
321	304	4
323	318	4
326	285	4
329	315	4
332	318	4
335	323	4
338	291	4
341	336	4
343	298	4
346	298	4
349	360	4
352	323	4
355	296	4
358	298	4
360	298	4
363	301	4
366	320	4
369	301	4
372	318	4
375	328	4
377	314	4
380	330	4
383	321	4
386	323	4
389	314	4
392	322	4
395	276	4
397	305	4
400	326	4
403	325	4
406	304	4
409	301	4
412	308	4
414	312	4
417	315	4
420	336	4
423	318	4
426	315	4
429	319	4
431	320	4
434	310	4
437	335	4
440	335	4
443	345	4
446	322	4
449	317	4
451	317	4
454	323	4
457	313	4
460	347	4
463	325	4
466	311	4
468	300	4
471	314	4
474	311	4
477	305	4
480	308	4
483	324	4
485	319	4
488	331	4
491	289	4
494	337	4
497	331	4
500	308	4
503	318	4
505	314	4
508	294	4
511	319	4
514	316	4
517	293	4
520	322	4
522	329	4
525	316	4
528	321	4
531	291	4
534	294	4
537	319	4
539	300	4
542	326	4
545	301	4
548	305	4
551	315	4
554	319	4
557	320	4
559	325	4
562	318	4
565	330	4
568	317	4
571	299	4
574	304	4
576	331	4
579	312	4
582	318	4
585	332	4
588	302	4
591	318	4
593	319	4
596	316	4
599	295	4
602	305	4
605	320	4
608	317	4
611	293	4
613	311	4
616	286	4
619	308	4
622	323	4
625	314	4
628	310	4
630	304	4
633	329	4
636	320	4
639	309	4
642	316	4
645	329	4
647	335	4
650	299	4
653	307	4
656	316	4
659	318	4
662	295	4
665	303	4
667	295	4
670	302	4
673	294	4
676	309	4
679	292	4
682	294	4
684	309	4
687	271	4
690	310	4
693	300	4
696	300	4
699	292	4
701	301	4
704	321	4
707	310	4
710	305	4
713	326	4
716	283	4
719	306	4
721	269	4
724	308	4
727	313	4
730	297	4
733	286	4
736	320	4
738	302	4
741	306	4
744	305	4
747	309	4
750	309	4
753	305	4
755	315	4
758	295	4
761	322	4
764	308	4
767	300	4
770	307	4
773	289	4
775	296	4
778	314	4
781	291	4
784	328	4
787	316	4
790	314	4
792	301	4
795	314	4
798	291	4
801	312	4
804	326	4
807	309	4
809	288	4
812	300	4
815	329	4
818	322	4
821	327	4
824	304	4
827	299	4
829	297	4
832	307	4
835	303	4
838	295	4
841	302	4
844	295	4
846	304	4
849	289	4
852	325	4
855	291	4
858	306	4
861	307	4
863	305	4
866	328	4
869	334	4
872	286	4
875	319	4
878	297	4
881	305	4
883	282	4
886	315	4
889	303	4
892	291	4
895	316	4
898	313	4
900	313	4
903	326	4
906	304	4
909	322	4
912	303	4
915	315	4
917	308	4
70	313	4
73	321	4
76	322	4
79	313	4
82	301	4
85	291	4
88	315	4
90	338	4
93	314	4
96	324	4
99	308	4
102	288	4
105	316	4
107	305	4
110	325	4
113	318	4
116	300	4
119	318	4
122	298	4
125	305	4
127	316	4
130	319	4
133	315	4
136	303	4
139	312	4
142	315	4
144	309	4
147	316	4
150	312	4
153	334	4
156	310	4
159	322	4
161	317	4
164	326	4
167	330	4
170	348	4
173	323	4
176	321	4
179	329	4
181	325	4
184	312	4
187	316	4
190	299	4
193	319	4
196	312	4
198	289	4
201	320	4
204	307	4
207	311	4
210	322	4
213	305	4
215	286	4
218	306	4
221	327	4
224	284	4
227	300	4
230	314	4
233	318	4
235	305	4
238	308	4
241	318	4
244	299	4
247	340	4
250	332	4
252	310	4
255	329	4
258	319	4
261	309	4
264	295	4
267	278	4
269	311	4
272	292	4
275	329	4
278	315	4
281	298	4
284	300	4
287	272	4
289	326	4
292	296	4
295	308	4
298	314	4
301	301	4
304	304	4
306	311	4
309	319	4
312	311	4
315	313	4
318	302	4
321	297	4
323	257	4
326	292	4
329	324	4
332	307	4
335	299	4
338	299	4
341	289	4
343	297	4
346	311	4
349	331	4
352	304	4
355	307	4
358	326	4
360	304	4
363	324	4
366	308	4
369	322	4
372	304	4
375	310	4
377	309	4
380	314	4
383	312	4
386	304	4
389	304	4
392	307	4
395	305	4
397	323	4
400	310	4
403	299	4
406	312	4
409	316	4
412	307	4
414	296	4
417	338	4
420	314	4
423	325	4
426	326	4
429	317	4
431	308	4
434	338	4
437	325	4
440	312	4
443	317	4
446	303	4
449	293	4
451	293	4
454	316	4
457	318	4
460	308	4
463	322	4
466	304	4
468	324	4
471	304	4
474	316	4
477	319	4
480	311	4
483	303	4
485	328	4
488	297	4
491	319	4
494	312	4
497	308	4
500	314	4
503	329	4
505	332	4
508	314	4
511	328	4
514	294	4
517	292	4
520	304	4
522	316	4
525	304	4
528	282	4
531	298	4
534	300	4
537	303	4
539	316	4
542	304	4
545	305	4
548	312	4
551	323	4
554	311	4
557	297	4
559	309	4
562	315	4
565	325	4
568	288	4
571	307	4
574	307	4
576	322	4
579	325	4
582	280	4
585	313	4
588	295	4
591	319	4
593	313	4
596	303	4
599	304	4
602	305	4
605	337	4
608	334	4
611	309	4
613	307	4
616	317	4
619	305	4
622	326	4
625	300	4
628	322	4
630	317	4
633	309	4
636	304	4
639	314	4
642	303	4
645	299	4
647	310	4
650	318	4
653	313	4
656	293	4
659	315	4
662	318	4
665	321	4
667	305	4
670	320	4
673	312	4
676	318	4
679	300	4
682	311	4
684	299	4
687	306	4
690	313	4
693	321	4
696	308	4
699	303	4
701	313	4
704	306	4
707	312	4
710	314	4
713	293	4
716	305	4
719	322	4
721	311	4
724	301	4
727	321	4
730	306	4
733	302	4
736	316	4
738	306	4
741	303	4
744	265	4
747	315	4
750	296	4
753	305	4
755	306	4
758	311	4
761	314	4
764	312	4
767	295	4
770	308	4
773	305	4
775	302	4
778	298	4
781	295	4
784	298	4
787	299	4
790	321	4
792	311	4
795	320	4
798	299	4
801	306	4
804	303	4
807	306	4
809	302	4
812	306	4
815	291	4
818	282	4
821	334	4
824	305	4
827	293	4
829	303	4
832	306	4
835	320	4
838	304	4
841	304	4
844	311	4
846	308	4
849	310	4
852	291	4
855	256	4
858	310	4
861	316	4
863	307	4
866	296	4
869	333	4
872	319	4
875	314	4
878	319	4
881	295	4
883	301	4
886	298	4
889	285	4
892	309	4
895	321	4
898	319	4
900	301	4
903	318	4
906	287	4
909	302	4
912	321	4
915	319	4
917	293	4
70	328	4
73	308	4
76	311	4
79	306	4
82	367	4
85	295	4
88	367	4
90	329	4
93	319	4
96	334	4
99	333	4
102	345	4
105	347	4
107	324	4
110	325	4
113	366	4
116	298	4
119	341	4
122	345	4
125	329	4
127	278	4
130	210	4
133	352	4
136	356	4
139	358	4
142	337	4
144	318	4
147	336	4
150	318	4
153	392	4
156	417	4
159	328	4
161	378	4
164	362	4
167	331	4
170	378	4
173	325	4
176	343	4
179	328	4
181	302	4
184	291	4
187	343	4
190	308	4
193	305	4
196	333	4
198	242	4
201	283	4
204	276	4
207	316	4
210	290	4
213	302	4
215	309	4
218	298	4
221	274	4
224	288	4
227	227	4
230	323	4
233	314	4
235	324	4
238	266	4
241	336	4
244	315	4
247	355	4
250	340	4
252	346	4
255	377	4
258	327	4
261	312	4
264	322	4
267	314	4
269	357	4
272	320	4
275	338	4
278	300	4
281	331	4
284	336	4
287	300	4
289	344	4
292	325	4
295	333	4
298	328	4
301	327	4
304	346	4
306	327	4
309	349	4
312	369	4
315	318	4
318	318	4
321	357	4
323	323	4
326	325	4
329	316	4
332	352	4
335	374	4
338	221	4
341	336	4
343	274	4
346	284	4
349	352	4
352	308	4
355	324	4
358	386	4
360	307	4
363	337	4
366	318	4
369	278	4
372	329	4
375	323	4
377	328	4
380	295	4
383	311	4
386	299	4
389	323	4
392	324	4
395	304	4
397	264	4
400	330	4
403	321	4
406	312	4
409	280	4
412	264	4
414	218	4
417	309	4
420	306	4
423	327	4
426	333	4
429	307	4
431	310	4
434	315	4
437	313	4
440	333	4
443	360	4
446	330	4
449	306	4
451	263	4
454	315	4
457	309	4
460	348	4
463	324	4
466	243	4
468	304	4
471	299	4
474	309	4
477	306	4
480	275	4
483	358	4
485	310	4
488	331	4
491	228	4
494	326	4
497	308	4
500	323	4
503	305	4
505	265	4
508	340	4
511	287	4
514	300	4
517	313	4
520	291	4
522	325	4
525	314	4
528	224	4
531	255	4
534	302	4
537	337	4
539	316	4
542	289	4
545	321	4
548	325	4
551	328	4
554	320	4
557	324	4
559	309	4
562	298	4
565	330	4
568	310	4
571	299	4
574	315	4
576	326	4
579	294	4
582	306	4
585	296	4
588	307	4
591	310	4
593	303	4
596	325	4
599	263	4
602	308	4
605	314	4
608	261	4
611	297	4
613	294	4
616	320	4
619	311	4
622	340	4
625	309	4
628	300	4
630	300	4
633	314	4
636	326	4
639	329	4
642	316	4
645	267	4
647	244	4
650	285	4
653	335	4
656	306	4
659	253	4
662	245	4
665	279	4
667	301	4
670	255	4
673	314	4
676	306	4
679	307	4
682	307	4
684	293	4
687	295	4
690	300	4
693	307	4
696	281	4
699	288	4
701	247	4
704	325	4
707	308	4
710	302	4
713	314	4
716	301	4
719	290	4
721	329	4
724	325	4
727	333	4
730	305	4
733	303	4
736	302	4
738	242	4
741	241	4
744	248	4
747	309	4
750	301	4
753	313	4
755	302	4
758	312	4
761	319	4
764	304	4
767	260	4
770	311	4
773	319	4
775	319	4
778	315	4
781	234	4
784	313	4
787	327	4
790	332	4
792	308	4
795	312	4
798	313	4
801	222	4
804	321	4
807	314	4
809	218	4
812	286	4
815	325	4
818	313	4
821	316	4
824	317	4
827	294	4
829	293	4
832	311	4
835	304	4
838	233	4
841	323	4
844	317	4
846	294	4
849	307	4
852	311	4
855	258	4
858	316	4
861	293	4
863	303	4
866	303	4
869	309	4
872	311	4
875	322	4
878	280	4
881	227	4
883	294	4
886	313	4
889	287	4
892	211	4
895	329	4
898	335	4
900	303	4
903	314	4
906	260	4
909	327	4
912	321	4
915	304	4
917	205	4
70	302	4
73	348	4
76	319	4
79	276	4
82	323	4
85	338	4
88	317	4
90	330	4
93	320	4
96	325	4
99	319	4
102	325	4
105	346	4
107	301	4
110	342	4
113	356	4
116	311	4
119	321	4
122	343	4
125	316	4
127	325	4
130	261	4
133	356	4
136	291	4
139	334	4
142	326	4
144	326	4
147	319	4
150	329	4
153	327	4
156	348	4
159	312	4
161	361	4
164	350	4
167	319	4
170	343	4
173	320	4
176	329	4
179	351	4
181	298	4
184	313	4
187	342	4
190	314	4
193	321	4
196	327	4
198	308	4
201	305	4
204	285	4
207	307	4
210	311	4
213	320	4
215	304	4
218	310	4
221	314	4
224	334	4
227	280	4
230	317	4
233	327	4
235	312	4
238	289	4
241	319	4
244	319	4
247	338	4
250	303	4
252	341	4
255	329	4
258	297	4
261	314	4
264	311	4
267	311	4
269	338	4
272	319	4
275	322	4
278	313	4
281	312	4
284	327	4
287	309	4
289	327	4
292	320	4
295	328	4
298	323	4
301	308	4
304	301	4
306	309	4
309	340	4
312	327	4
315	306	4
318	306	4
321	325	4
323	334	4
326	341	4
329	353	4
332	319	4
335	340	4
338	310	4
341	330	4
343	297	4
346	306	4
349	340	4
352	318	4
355	299	4
358	347	4
360	318	4
363	321	4
366	316	4
369	315	4
372	327	4
375	326	4
377	308	4
380	318	4
383	298	4
386	316	4
389	320	4
392	330	4
395	335	4
397	326	4
400	330	4
403	275	4
406	292	4
409	300	4
412	306	4
414	304	4
417	314	4
420	342	4
423	328	4
426	318	4
429	317	4
431	322	4
434	334	4
437	316	4
440	324	4
443	375	4
446	302	4
449	334	4
451	264	4
454	349	4
457	310	4
460	360	4
463	336	4
466	298	4
468	305	4
471	330	4
474	322	4
477	328	4
480	282	4
483	351	4
485	351	4
488	325	4
491	299	4
494	322	4
497	306	4
500	317	4
503	333	4
505	336	4
508	333	4
511	316	4
514	305	4
517	331	4
520	324	4
522	317	4
525	319	4
528	327	4
531	294	4
534	297	4
537	342	4
539	307	4
542	355	4
545	297	4
548	332	4
551	327	4
554	350	4
557	320	4
559	328	4
562	294	4
565	325	4
568	316	4
571	305	4
574	304	4
576	316	4
579	326	4
582	310	4
585	321	4
588	298	4
591	318	4
593	319	4
596	304	4
599	322	4
602	305	4
605	318	4
608	329	4
611	329	4
613	304	4
616	319	4
619	316	4
622	339	4
625	297	4
628	275	4
630	311	4
633	320	4
636	341	4
639	308	4
642	309	4
645	309	4
647	307	4
650	313	4
653	298	4
656	288	4
659	321	4
662	288	4
665	328	4
667	295	4
670	303	4
673	294	4
676	298	4
679	292	4
682	304	4
684	315	4
687	283	4
690	294	4
693	319	4
696	294	4
699	305	4
701	304	4
704	312	4
707	291	4
710	301	4
713	325	4
716	298	4
719	306	4
721	319	4
724	284	4
727	331	4
730	302	4
733	319	4
736	327	4
738	317	4
741	303	4
744	304	4
747	333	4
750	312	4
753	300	4
755	320	4
758	298	4
761	321	4
764	281	4
767	279	4
770	296	4
773	267	4
775	280	4
778	319	4
781	278	4
784	285	4
787	293	4
790	300	4
792	309	4
795	304	4
798	314	4
801	286	4
804	304	4
807	300	4
809	277	4
812	298	4
815	290	4
818	310	4
821	312	4
824	329	4
827	288	4
829	269	4
832	293	4
835	286	4
838	315	4
841	308	4
844	284	4
846	306	4
849	271	4
852	269	4
855	298	4
858	276	4
861	293	4
863	304	4
866	307	4
869	330	4
872	315	4
875	318	4
878	281	4
881	297	4
883	287	4
886	295	4
889	317	4
892	307	4
895	332	4
898	328	4
900	275	4
903	309	4
906	303	4
909	331	4
912	318	4
915	306	4
917	314	4
70	302	4
73	297	4
76	282	4
79	260	4
82	278	4
85	282	4
88	266	4
90	329	4
93	323	4
96	298	4
99	265	4
102	279	4
105	254	4
107	329	4
110	287	4
113	277	4
116	307	4
119	292	4
122	336	4
125	290	4
127	286	4
130	296	4
133	291	4
136	266	4
139	322	4
142	301	4
144	287	4
147	300	4
150	288	4
153	280	4
156	317	4
159	311	4
161	302	4
164	334	4
167	363	4
170	336	4
173	316	4
176	326	4
179	297	4
181	332	4
184	331	4
187	331	4
190	296	4
193	324	4
196	345	4
198	315	4
201	300	4
204	267	4
207	308	4
210	308	4
213	296	4
215	314	4
218	317	4
221	319	4
224	344	4
227	285	4
230	326	4
233	299	4
235	309	4
238	296	4
241	324	4
244	319	4
247	314	4
250	335	4
252	287	4
255	332	4
258	343	4
261	321	4
264	317	4
267	294	4
269	332	4
272	320	4
275	330	4
278	317	4
281	293	4
284	330	4
287	306	4
289	296	4
292	301	4
295	315	4
298	296	4
301	301	4
304	310	4
306	325	4
309	349	4
312	298	4
315	307	4
318	323	4
321	299	4
323	337	4
326	320	4
329	345	4
332	308	4
335	313	4
338	304	4
341	308	4
343	278	4
346	312	4
349	362	4
352	312	4
355	264	4
358	338	4
360	309	4
363	308	4
366	311	4
369	302	4
372	333	4
375	327	4
377	318	4
380	324	4
383	318	4
386	322	4
389	314	4
392	313	4
395	290	4
397	299	4
400	341	4
403	319	4
406	305	4
409	330	4
412	303	4
414	299	4
417	310	4
420	347	4
423	312	4
426	311	4
429	326	4
431	306	4
434	309	4
437	297	4
440	327	4
443	346	4
446	316	4
449	326	4
451	294	4
454	310	4
457	331	4
460	364	4
463	283	4
466	296	4
468	310	4
471	324	4
474	333	4
477	322	4
480	325	4
483	336	4
485	338	4
488	334	4
491	291	4
494	322	4
497	307	4
500	303	4
503	341	4
505	325	4
508	308	4
511	335	4
514	298	4
517	288	4
520	330	4
522	342	4
525	328	4
528	289	4
531	300	4
534	301	4
537	344	4
539	285	4
542	332	4
545	305	4
548	309	4
551	322	4
554	307	4
557	317	4
559	321	4
562	303	4
565	313	4
568	315	4
571	298	4
574	302	4
576	315	4
579	298	4
582	322	4
585	338	4
588	318	4
591	344	4
593	318	4
596	311	4
599	275	4
602	333	4
605	321	4
608	304	4
611	310	4
613	304	4
616	302	4
619	303	4
622	318	4
625	301	4
628	328	4
630	278	4
633	302	4
636	334	4
639	315	4
642	298	4
645	370	4
647	321	4
650	303	4
653	319	4
656	298	4
659	289	4
662	306	4
665	298	4
667	308	4
670	308	4
673	267	4
676	303	4
679	321	4
682	307	4
684	315	4
687	307	4
690	299	4
693	305	4
696	309	4
699	302	4
701	327	4
704	296	4
707	308	4
710	308	4
713	337	4
716	316	4
719	323	4
721	309	4
724	282	4
727	289	4
730	305	4
733	302	4
736	326	4
738	314	4
741	317	4
744	312	4
747	314	4
750	293	4
753	315	4
755	329	4
758	346	4
761	342	4
764	305	4
767	274	4
770	282	4
773	296	4
775	294	4
778	296	4
781	299	4
784	313	4
787	320	4
790	304	4
792	298	4
795	317	4
798	293	4
801	345	4
804	333	4
807	299	4
809	276	4
812	324	4
815	317	4
818	290	4
821	283	4
824	312	4
827	313	4
829	282	4
832	309	4
835	300	4
838	306	4
841	311	4
844	300	4
846	307	4
849	303	4
852	314	4
855	303	4
858	298	4
861	315	4
863	322	4
866	317	4
869	356	4
872	319	4
875	356	4
878	325	4
881	308	4
883	278	4
886	315	4
889	340	4
892	310	4
895	314	4
898	282	4
900	296	4
903	289	4
906	300	4
909	332	4
912	302	4
915	306	4
917	325	4
