70	309	4
76	312	4
82	298	4
88	302	4
94	309	4
100	318	4
106	320	4
112	284	4
118	328	4
124	315	4
130	319	4
136	304	4
142	315	4
148	322	4
154	338	4
160	315	4
166	340	4
172	324	4
178	333	4
184	315	4
190	372	4
196	317	4
202	308	4
208	314	4
214	309	4
220	306	4
226	345	4
232	323	4
238	278	4
244	342	4
250	314	4
256	332	4
262	315	4
268	282	4
274	319	4
280	296	4
286	320	4
292	345	4
298	315	4
304	323	4
310	319	4
316	311	4
322	308	4
328	339	4
334	336	4
341	337	4
346	310	4
352	312	4
358	298	4
364	321	4
370	310	4
376	297	4
382	315	4
388	334	4
394	315	4
400	323	4
406	296	4
412	317	4
418	289	4
424	321	4
430	307	4
437	332	4
442	332	4
448	317	4
454	339	4
460	321	4
466	332	4
473	274	4
478	327	4
484	319	4
490	296	4
496	328	4
502	309	4
508	299	4
514	335	4
520	337	4
526	329	4
532	312	4
538	322	4
544	304	4
550	338	4
556	313	4
562	312	4
568	327	4
574	292	4
580	303	4
586	312	4
592	310	4
598	315	4
604	303	4
610	304	4
616	347	4
622	334	4
628	293	4
634	348	4
640	307	4
646	320	4
652	309	4
658	315	4
664	299	4
670	353	4
676	344	4
682	315	4
688	322	4
694	326	4
700	326	4
706	315	4
712	319	4
718	303	4
724	321	4
730	316	4
