70	338	4
78	310	4
85	325	4
92	261	4
99	305	4
106	303	4
113	305	4
120	272	4
127	296	4
134	332	4
141	318	4
148	322	4
155	307	4
162	327	4
169	310	4
176	301	4
183	301	4
190	322	4
197	320	4
204	303	4
211	275	4
218	326	4
225	308	4
232	317	4
239	309	4
246	290	4
253	313	4
260	313	4
267	297	4
274	290	4
281	326	4
288	307	4
295	301	4
302	312	4
309	289	4
316	310	4
323	276	4
330	296	4
337	291	4
344	323	4
351	291	4
358	305	4
365	299	4
372	293	4
379	300	4
386	279	4
393	292	4
400	312	4
408	338	4
415	310	4
422	299	4
429	309	4
436	310	4
443	300	4
450	312	4
457	304	4
464	305	4
471	259	4
478	291	4
485	291	4
492	318	4
499	299	4
506	312	4
513	305	4
520	300	4
527	285	4
534	314	4
541	320	4
548	292	4
555	305	4
562	323	4
569	307	4
576	285	4
583	298	4
590	311	4
597	307	4
604	300	4
611	337	4
618	302	4
625	305	4
632	298	4
639	292	4
646	319	4
653	303	4
660	290	4
667	303	4
674	317	4
681	286	4
688	330	4
695	306	4
702	309	4
709	302	4
716	288	4
723	294	4
730	299	4
