70	311	4
74	313	4
78	314	4
81	302	4
85	297	4
88	311	4
92	311	4
95	308	4
99	318	4
102	318	4
106	327	4
109	300	4
113	321	4
116	314	4
120	299	4
123	322	4
127	316	4
130	360	4
134	333	4
138	305	4
141	316	4
145	326	4
148	323	4
152	323	4
155	329	4
159	325	4
162	302	4
166	318	4
169	311	4
173	312	4
176	305	4
180	288	4
183	325	4
187	324	4
190	281	4
194	293	4
198	337	4
201	294	4
205	333	4
208	322	4
212	305	4
215	297	4
219	310	4
222	341	4
226	305	4
229	309	4
233	314	4
236	322	4
240	339	4
243	295	4
247	304	4
250	301	4
254	324	4
258	315	4
261	297	4
265	332	4
268	286	4
272	333	4
275	291	4
279	319	4
282	323	4
286	313	4
289	309	4
293	334	4
296	324	4
300	305	4
303	305	4
307	323	4
310	330	4
314	314	4
318	304	4
321	295	4
325	298	4
328	315	4
332	322	4
335	320	4
339	318	4
342	307	4
346	313	4
349	320	4
353	294	4
356	311	4
360	303	4
363	312	4
367	311	4
370	332	4
374	318	4
378	341	4
381	312	4
385	302	4
388	300	4
392	342	4
395	301	4
399	325	4
402	330	4
406	343	4
409	312	4
413	337	4
416	318	4
420	307	4
423	321	4
427	304	4
430	315	4
434	321	4
438	311	4
441	319	4
445	316	4
448	314	4
452	299	4
455	311	4
459	308	4
462	310	4
466	300	4
469	295	4
473	268	4
476	303	4
480	301	4
483	305	4
487	339	4
490	309	4
494	328	4
498	315	4
501	310	4
505	302	4
508	316	4
512	309	4
515	341	4
519	325	4
522	310	4
526	312	4
529	350	4
533	334	4
536	315	4
540	317	4
543	319	4
547	313	4
550	309	4
554	299	4
558	309	4
561	313	4
565	310	4
568	312	4
572	306	4
575	294	4
579	294	4
582	290	4
586	286	4
589	306	4
593	314	4
596	329	4
600	311	4
603	319	4
607	334	4
610	319	4
614	291	4
618	307	4
621	314	4
625	331	4
628	319	4
632	329	4
635	331	4
639	332	4
642	274	4
646	322	4
649	310	4
653	331	4
656	308	4
660	296	4
663	310	4
667	307	4
670	325	4
674	287	4
678	288	4
681	312	4
685	317	4
688	289	4
692	291	4
695	294	4
699	309	4
702	294	4
706	321	4
709	357	4
713	327	4
716	329	4
720	304	4
723	303	4
727	326	4
730	291	4
