70	295	4
75	327	4
80	238	4
84	318	4
89	321	4
93	308	4
98	319	4
103	274	4
107	307	4
112	270	4
116	320	4
121	272	4
125	293	4
130	175	4
135	302	4
139	300	4
144	314	4
148	326	4
153	347	4
158	274	4
162	330	4
167	280	4
171	301	4
176	273	4
180	304	4
185	283	4
190	322	4
194	314	4
199	300	4
203	337	4
208	323	4
213	322	4
217	245	4
222	297	4
226	319	4
231	257	4
235	273	4
240	308	4
245	311	4
249	282	4
254	333	4
258	271	4
263	330	4
268	290	4
272	307	4
277	309	4
281	331	4
286	330	4
290	349	4
295	308	4
300	317	4
304	310	4
309	297	4
313	342	4
318	345	4
323	333	4
327	331	4
332	312	4
336	290	4
341	334	4
345	298	4
350	302	4
355	318	4
359	322	4
364	312	4
368	304	4
373	300	4
378	317	4
382	345	4
387	270	4
391	294	4
396	322	4
400	319	4
405	302	4
410	269	4
414	321	4
419	221	4
423	300	4
428	334	4
433	278	4
437	323	4
442	285	4
446	305	4
451	325	4
455	287	4
460	346	4
465	332	4
469	300	4
474	290	4
478	310	4
483	243	4
488	320	4
492	315	4
497	290	4
501	318	4
506	307	4
510	313	4
515	204	4
520	293	4
524	326	4
529	305	4
533	313	4
538	272	4
543	304	4
547	296	4
552	325	4
556	330	4
561	283	4
565	308	4
570	303	4
575	248	4
579	314	4
584	297	4
588	295	4
593	321	4
598	322	4
602	266	4
607	306	4
611	262	4
616	322	4
620	285	4
625	297	4
630	344	4
634	223	4
639	290	4
643	299	4
648	333	4
653	360	4
657	306	4
662	312	4
666	308	4
671	271	4
675	300	4
680	317	4
685	302	4
689	304	4
694	276	4
698	300	4
703	303	4
708	300	4
712	257	4
717	279	4
721	295	4
726	315	4
730	303	4
