70	332	4
74	310	4
77	328	4
80	311	4
83	318	4
86	341	4
89	309	4
92	343	4
95	326	4
98	333	4
101	321	4
104	306	4
107	250	4
110	334	4
113	282	4
116	281	4
119	336	4
122	306	4
125	351	4
128	314	4
131	317	4
134	320	4
137	311	4
140	313	4
143	248	4
146	327	4
149	340	4
152	298	4
155	255	4
158	307	4
161	335	4
164	327	4
167	207	4
170	329	4
173	296	4
176	310	4
179	299	4
183	331	4
186	211	4
189	314	4
192	335	4
195	319	4
198	372	4
201	319	4
204	331	4
207	323	4
210	309	4
213	287	4
216	315	4
219	378	4
222	338	4
225	321	4
228	261	4
231	301	4
234	206	4
237	345	4
240	310	4
243	333	4
246	318	4
249	293	4
252	325	4
255	268	4
258	326	4
261	338	4
264	326	4
267	314	4
270	327	4
273	322	4
276	296	4
279	283	4
282	329	4
285	317	4
288	183	4
292	270	4
295	334	4
298	327	4
301	299	4
304	334	4
307	353	4
310	312	4
313	259	4
316	320	4
319	311	4
322	322	4
325	324	4
328	319	4
331	262	4
334	309	4
337	323	4
340	317	4
343	317	4
346	273	4
349	310	4
352	292	4
355	308	4
358	276	4
361	302	4
364	296	4
367	191	4
370	314	4
373	250	4
376	306	4
379	323	4
382	299	4
385	322	4
388	324	4
391	302	4
394	305	4
397	319	4
400	210	4
404	297	4
407	333	4
410	240	4
413	300	4
416	304	4
419	310	4
422	305	4
425	242	4
428	314	4
431	293	4
434	300	4
437	314	4
440	286	4
443	332	4
446	306	4
449	312	4
452	312	4
455	326	4
458	334	4
461	307	4
464	314	4
467	313	4
470	335	4
473	322	4
476	311	4
479	337	4
482	304	4
485	310	4
488	363	4
491	334	4
494	270	4
497	254	4
500	314	4
503	343	4
506	304	4
509	309	4
513	323	4
516	297	4
519	304	4
522	296	4
525	319	4
528	341	4
531	303	4
534	341	4
537	333	4
540	299	4
543	347	4
546	347	4
549	308	4
552	344	4
555	335	4
558	300	4
561	295	4
564	306	4
567	295	4
570	323	4
573	297	4
576	314	4
579	288	4
582	284	4
585	184	4
588	261	4
591	314	4
594	291	4
597	309	4
600	306	4
603	159	4
606	284	4
609	147	4
612	282	4
615	311	4
618	272	4
622	205	4
625	311	4
628	344	4
631	313	4
634	337	4
637	293	4
640	304	4
643	319	4
646	309	4
649	334	4
652	218	4
655	276	4
658	297	4
661	316	4
664	330	4
667	303	4
670	317	4
673	338	4
676	289	4
679	313	4
682	310	4
685	337	4
688	321	4
691	305	4
694	286	4
697	302	4
700	294	4
703	183	4
706	302	4
709	330	4
712	230	4
715	296	4
718	349	4
721	343	4
724	293	4
727	299	4
730	326	4
