70	320	4
76	305	4
82	288	4
88	302	4
93	316	4
99	278	4
105	304	4
111	307	4
116	321	4
122	313	4
128	309	4
134	264	4
139	318	4
145	261	4
151	342	4
157	304	4
162	338	4
168	309	4
174	206	4
180	313	4
185	298	4
191	304	4
197	242	4
202	300	4
208	255	4
214	304	4
220	324	4
225	258	4
231	329	4
237	332	4
243	295	4
248	356	4
254	323	4
260	293	4
266	319	4
271	325	4
277	325	4
283	326	4
289	307	4
294	315	4
300	321	4
306	259	4
312	339	4
317	328	4
323	307	4
329	321	4
334	324	4
340	318	4
346	296	4
352	271	4
357	300	4
363	340	4
369	309	4
375	316	4
380	318	4
386	307	4
392	282	4
398	305	4
403	293	4
409	292	4
415	320	4
421	193	4
426	305	4
432	312	4
438	325	4
444	317	4
449	316	4
455	317	4
461	322	4
466	260	4
472	289	4
478	319	4
484	209	4
489	310	4
495	337	4
501	331	4
507	289	4
512	310	4
518	342	4
524	313	4
530	291	4
535	309	4
541	291	4
547	313	4
553	305	4
558	319	4
564	211	4
570	282	4
576	324	4
581	289	4
587	264	4
593	328	4
598	309	4
604	300	4
610	325	4
616	312	4
621	217	4
627	345	4
633	314	4
639	331	4
644	329	4
650	303	4
656	303	4
662	264	4
667	318	4
673	305	4
679	321	4
685	293	4
690	317	4
696	276	4
702	308	4
708	289	4
713	310	4
719	322	4
725	288	4
730	314	4
