70	292	4
73	285	4
76	307	4
79	285	4
82	306	4
85	293	4
88	309	4
91	307	4
94	326	4
97	293	4
100	313	4
102	289	4
105	297	4
108	313	4
111	291	4
114	289	4
117	296	4
120	339	4
123	304	4
126	302	4
129	288	4
131	314	4
134	308	4
137	359	4
140	309	4
143	330	4
146	372	4
149	305	4
152	300	4
155	300	4
158	307	4
161	305	4
163	320	4
166	322	4
169	335	4
172	316	4
175	324	4
178	300	4
181	311	4
184	320	4
187	327	4
190	319	4
192	334	4
195	344	4
198	298	4
201	343	4
204	316	4
207	322	4
210	344	4
213	303	4
216	320	4
219	315	4
222	324	4
224	327	4
227	316	4
230	320	4
233	314	4
236	320	4
239	298	4
242	273	4
245	300	4
248	285	4
251	327	4
253	299	4
256	325	4
259	303	4
262	323	4
265	331	4
268	313	4
271	326	4
274	319	4
277	303	4
280	296	4
283	300	4
285	318	4
288	302	4
291	279	4
294	311	4
297	298	4
300	308	4
303	310	4
306	304	4
309	285	4
312	316	4
314	314	4
317	297	4
320	305	4
323	284	4
326	303	4
329	327	4
332	314	4
335	310	4
338	309	4
341	308	4
344	318	4
346	313	4
349	321	4
352	299	4
355	309	4
358	310	4
361	303	4
364	299	4
367	294	4
370	318	4
373	314	4
375	318	4
378	310	4
381	328	4
384	299	4
387	303	4
390	301	4
393	300	4
396	304	4
399	282	4
402	323	4
404	317	4
407	305	4
410	315	4
413	323	4
416	321	4
419	307	4
422	294	4
425	307	4
428	341	4
431	321	4
434	305	4
436	311	4
439	313	4
442	299	4
445	325	4
448	286	4
451	301	4
454	318	4
457	331	4
460	271	4
463	308	4
465	309	4
468	302	4
471	311	4
474	303	4
477	299	4
480	299	4
483	288	4
486	300	4
489	321	4
492	295	4
495	305	4
497	316	4
500	322	4
503	312	4
506	331	4
509	318	4
512	306	4
515	338	4
518	302	4
521	297	4
524	304	4
526	296	4
529	311	4
532	308	4
535	309	4
538	305	4
541	326	4
544	304	4
547	311	4
550	319	4
553	303	4
556	301	4
558	321	4
561	309	4
564	319	4
567	298	4
570	297	4
573	286	4
576	309	4
579	288	4
582	313	4
585	308	4
587	295	4
590	286	4
593	315	4
596	299	4
599	280	4
602	287	4
605	286	4
608	346	4
611	304	4
614	301	4
617	286	4
619	298	4
622	305	4
625	294	4
628	324	4
631	335	4
634	318	4
637	312	4
640	286	4
643	318	4
646	313	4
648	289	4
651	300	4
654	313	4
657	315	4
660	285	4
663	304	4
666	299	4
669	290	4
672	299	4
675	318	4
678	292	4
680	313	4
683	275	4
686	317	4
689	308	4
692	316	4
695	328	4
698	312	4
701	303	4
704	287	4
707	294	4
709	308	4
712	297	4
715	308	4
718	315	4
721	333	4
724	299	4
727	303	4
730	313	4
733	308	4
736	313	4
738	303	4
741	312	4
744	309	4
747	299	4
750	310	4
753	308	4
756	331	4
759	292	4
762	299	4
765	317	4
768	306	4
770	302	4
773	279	4
776	287	4
779	293	4
782	337	4
785	306	4
788	282	4
791	306	4
794	316	4
797	313	4
799	302	4
802	319	4
805	306	4
808	311	4
811	314	4
814	305	4
817	320	4
820	287	4
823	312	4
826	229	4
829	294	4
831	330	4
834	311	4
837	336	4
840	311	4
843	344	4
846	304	4
849	344	4
852	305	4
855	299	4
858	309	4
860	313	4
863	306	4
866	308	4
869	303	4
872	327	4
875	303	4
878	325	4
881	345	4
884	316	4
887	304	4
890	318	4
892	300	4
895	308	4
898	275	4
901	348	4
904	305	4
907	346	4
910	320	4
913	331	4
916	308	4
919	306	4
921	325	4
924	297	4
927	317	4
930	312	4
933	308	4
936	307	4
939	320	4
942	307	4
945	303	4
948	321	4
951	315	4
953	318	4
956	319	4
959	339	4
962	284	4
965	302	4
968	313	4
971	331	4
974	302	4
977	306	4
980	305	4
982	286	4
985	304	4
988	315	4
991	307	4
994	309	4
997	319	4
1000	290	4
1003	302	4
1006	301	4
1009	303	4
1012	293	4
1014	319	4
1017	318	4
1020	296	4
1023	297	4
1026	303	4
1029	301	4
1032	307	4
1035	299	4
1038	314	4
1041	347	4
1043	273	4
1046	317	4
1049	312	4
1052	299	4
1055	299	4
1058	309	4
1061	291	4
1064	322	4
1067	298	4
1070	313	4
1072	304	4
70	297	4
73	307	4
76	330	4
79	310	4
82	314	4
85	313	4
88	292	4
91	285	4
94	310	4
97	339	4
100	301	4
102	306	4
105	291	4
108	295	4
111	326	4
114	306	4
117	311	4
120	307	4
123	318	4
126	310	4
129	262	4
131	317	4
134	295	4
137	304	4
140	313	4
143	315	4
146	341	4
149	296	4
152	322	4
155	319	4
158	317	4
161	305	4
163	303	4
166	314	4
169	308	4
172	300	4
175	324	4
178	330	4
181	324	4
184	334	4
187	328	4
190	314	4
192	310	4
195	300	4
198	295	4
201	317	4
204	313	4
207	307	4
210	312	4
213	310	4
216	307	4
219	293	4
222	310	4
224	308	4
227	309	4
230	303	4
233	312	4
236	309	4
239	296	4
242	312	4
245	290	4
248	288	4
251	297	4
253	307	4
256	321	4
259	321	4
262	304	4
265	305	4
268	309	4
271	328	4
274	314	4
277	316	4
280	304	4
283	307	4
285	345	4
288	319	4
291	304	4
294	310	4
297	324	4
300	313	4
303	320	4
306	311	4
309	332	4
312	329	4
314	330	4
317	274	4
320	308	4
323	311	4
326	328	4
329	290	4
332	314	4
335	275	4
338	346	4
341	315	4
344	319	4
346	312	4
349	303	4
352	304	4
355	322	4
358	309	4
361	325	4
364	305	4
367	302	4
370	319	4
373	314	4
375	291	4
378	334	4
381	322	4
384	315	4
387	316	4
390	301	4
393	296	4
396	302	4
399	282	4
402	327	4
404	314	4
407	308	4
410	309	4
413	320	4
416	320	4
419	316	4
422	316	4
425	321	4
428	324	4
431	280	4
434	312	4
436	313	4
439	322	4
442	334	4
445	314	4
448	319	4
451	301	4
454	314	4
457	308	4
460	283	4
463	302	4
465	312	4
468	287	4
471	320	4
474	287	4
477	305	4
480	294	4
483	291	4
486	289	4
489	315	4
492	302	4
495	296	4
497	317	4
500	304	4
503	307	4
506	308	4
509	319	4
512	307	4
515	300	4
518	303	4
521	308	4
524	295	4
526	298	4
529	288	4
532	330	4
535	302	4
538	293	4
541	309	4
544	318	4
547	304	4
550	294	4
553	311	4
556	303	4
558	318	4
561	308	4
564	301	4
567	296	4
570	309	4
573	308	4
576	294	4
579	322	4
582	312	4
585	303	4
587	277	4
590	315	4
593	310	4
596	324	4
599	334	4
602	291	4
605	299	4
608	306	4
611	310	4
614	332	4
617	299	4
619	292	4
622	306	4
625	315	4
628	298	4
631	316	4
634	319	4
637	310	4
640	292	4
643	301	4
646	335	4
648	298	4
651	294	4
654	325	4
657	299	4
660	274	4
663	319	4
666	317	4
669	302	4
672	303	4
675	315	4
678	312	4
680	311	4
683	299	4
686	265	4
689	316	4
692	306	4
695	325	4
698	328	4
701	325	4
704	312	4
707	301	4
709	312	4
712	305	4
715	310	4
718	316	4
721	333	4
724	304	4
727	287	4
730	299	4
733	317	4
736	309	4
738	321	4
741	323	4
744	288	4
747	317	4
750	317	4
753	309	4
756	303	4
759	321	4
762	306	4
765	312	4
768	299	4
770	302	4
773	313	4
776	304	4
779	303	4
782	290	4
785	289	4
788	310	4
791	313	4
794	317	4
797	313	4
799	307	4
802	312	4
805	288	4
808	310	4
811	310	4
814	313	4
817	320	4
820	326	4
823	321	4
826	281	4
829	306	4
831	301	4
834	306	4
837	312	4
840	308	4
843	318	4
846	274	4
849	313	4
852	314	4
855	313	4
858	301	4
860	318	4
863	312	4
866	326	4
869	298	4
872	312	4
875	303	4
878	321	4
881	299	4
884	329	4
887	308	4
890	304	4
892	309	4
895	309	4
898	288	4
901	327	4
904	286	4
907	306	4
910	309	4
913	305	4
916	315	4
919	318	4
921	292	4
924	318	4
927	312	4
930	321	4
933	325	4
936	317	4
939	324	4
942	302	4
945	332	4
948	313	4
951	308	4
953	291	4
956	305	4
959	322	4
962	299	4
965	306	4
968	316	4
971	296	4
974	319	4
977	296	4
980	303	4
982	301	4
985	302	4
988	309	4
991	303	4
994	324	4
997	308	4
1000	320	4
1003	316	4
1006	280	4
1009	311	4
1012	309	4
1014	302	4
1017	320	4
1020	313	4
1023	307	4
1026	315	4
1029	309	4
1032	275	4
1035	311	4
1038	320	4
1041	309	4
1043	297	4
1046	294	4
1049	323	4
1052	299	4
1055	297	4
1058	311	4
1061	305	4
1064	332	4
1067	300	4
1070	316	4
1072	314	4
70	302	4
73	308	4
76	349	4
79	278	4
82	242	4
85	261	4
88	327	4
91	282	4
94	309	4
97	298	4
100	301	4
102	294	4
105	235	4
108	304	4
111	277	4
114	311	4
117	293	4
120	344	4
123	334	4
126	350	4
129	294	4
131	306	4
134	282	4
137	307	4
140	318	4
143	260	4
146	341	4
149	319	4
152	316	4
155	337	4
158	333	4
161	294	4
163	328	4
166	329	4
169	323	4
172	327	4
175	337	4
178	227	4
181	319	4
184	329	4
187	318	4
190	341	4
192	327	4
195	289	4
198	306	4
201	321	4
204	323	4
207	319	4
210	321	4
213	355	4
216	323	4
219	301	4
222	282	4
224	353	4
227	319	4
230	333	4
233	338	4
236	315	4
239	184	4
242	316	4
245	206	4
248	302	4
251	339	4
253	309	4
256	326	4
259	306	4
262	336	4
265	336	4
268	316	4
271	323	4
274	329	4
277	294	4
280	315	4
283	308	4
285	356	4
288	273	4
291	282	4
294	337	4
297	315	4
300	331	4
303	343	4
306	329	4
309	269	4
312	326	4
314	295	4
317	299	4
320	194	4
323	302	4
326	321	4
329	316	4
332	323	4
335	314	4
338	291	4
341	314	4
344	337	4
346	324	4
349	341	4
352	228	4
355	299	4
358	235	4
361	303	4
364	310	4
367	314	4
370	301	4
373	298	4
375	288	4
378	292	4
381	230	4
384	241	4
387	330	4
390	305	4
393	298	4
396	293	4
399	178	4
402	328	4
404	291	4
407	336	4
410	298	4
413	315	4
416	327	4
419	298	4
422	319	4
425	195	4
428	310	4
431	220	4
434	305	4
436	319	4
439	327	4
442	326	4
445	307	4
448	282	4
451	319	4
454	312	4
457	315	4
460	194	4
463	277	4
465	317	4
468	306	4
471	330	4
474	301	4
477	222	4
480	322	4
483	311	4
486	314	4
489	314	4
492	297	4
495	278	4
497	318	4
500	327	4
503	282	4
506	348	4
509	307	4
512	312	4
515	326	4
518	307	4
521	270	4
524	299	4
526	302	4
529	294	4
532	298	4
535	317	4
538	310	4
541	348	4
544	278	4
547	313	4
550	336	4
553	312	4
556	305	4
558	302	4
561	298	4
564	226	4
567	297	4
570	294	4
573	329	4
576	294	4
579	278	4
582	308	4
585	290	4
587	289	4
590	302	4
593	289	4
596	274	4
599	256	4
602	251	4
605	304	4
608	345	4
611	202	4
614	311	4
617	295	4
619	277	4
622	298	4
625	238	4
628	250	4
631	349	4
634	333	4
637	221	4
640	270	4
643	278	4
646	331	4
648	276	4
651	282	4
654	289	4
657	321	4
660	277	4
663	282	4
666	281	4
669	306	4
672	265	4
675	322	4
678	302	4
680	282	4
683	233	4
686	312	4
689	292	4
692	300	4
695	288	4
698	283	4
701	319	4
704	239	4
707	298	4
709	296	4
712	267	4
715	298	4
718	333	4
721	296	4
724	256	4
727	305	4
730	299	4
733	317	4
736	302	4
738	278	4
741	189	4
744	278	4
747	294	4
750	310	4
753	301	4
756	302	4
759	343	4
762	270	4
765	289	4
768	297	4
770	317	4
773	206	4
776	242	4
779	290	4
782	253	4
785	302	4
788	288	4
791	279	4
794	322	4
797	314	4
799	270	4
802	272	4
805	290	4
808	279	4
811	302	4
814	224	4
817	305	4
820	324	4
823	324	4
826	264	4
829	299	4
831	299	4
834	319	4
837	284	4
840	300	4
843	330	4
846	238	4
849	314	4
852	280	4
855	283	4
858	319	4
860	317	4
863	301	4
866	289	4
869	289	4
872	303	4
875	265	4
878	274	4
881	294	4
884	239	4
887	289	4
890	281	4
892	276	4
895	287	4
898	296	4
901	301	4
904	291	4
907	313	4
910	319	4
913	241	4
916	289	4
919	296	4
921	286	4
924	298	4
927	315	4
930	313	4
933	319	4
936	333	4
939	270	4
942	324	4
945	324	4
948	279	4
951	293	4
953	318	4
956	314	4
959	299	4
962	328	4
965	327	4
968	305	4
971	296	4
974	264	4
977	306	4
980	302	4
982	279	4
985	299	4
988	292	4
991	308	4
994	278	4
997	298	4
1000	286	4
1003	263	4
1006	299	4
1009	295	4
1012	297	4
1014	292	4
1017	323	4
1020	292	4
1023	301	4
1026	253	4
1029	325	4
1032	278	4
1035	288	4
1038	303	4
1041	336	4
1043	169	4
1046	277	4
1049	302	4
1052	287	4
1055	300	4
1058	294	4
1061	292	4
1064	285	4
1067	234	4
1070	306	4
1072	257	4
70	304	4
73	300	4
76	319	4
79	304	4
82	297	4
85	304	4
88	293	4
91	298	4
94	302	4
97	308	4
100	302	4
102	303	4
105	313	4
108	300	4
111	303	4
114	303	4
117	293	4
120	330	4
123	278	4
126	315	4
129	314	4
131	317	4
134	294	4
137	338	4
140	287	4
143	315	4
146	347	4
149	334	4
152	289	4
155	312	4
158	332	4
161	312	4
163	299	4
166	311	4
169	328	4
172	314	4
175	323	4
178	308	4
181	320	4
184	321	4
187	327	4
190	315	4
192	322	4
195	332	4
198	302	4
201	318	4
204	306	4
207	308	4
210	290	4
213	300	4
216	312	4
219	298	4
222	296	4
224	319	4
227	315	4
230	315	4
233	325	4
236	317	4
239	282	4
242	297	4
245	303	4
248	288	4
251	320	4
253	301	4
256	343	4
259	283	4
262	309	4
265	331	4
268	317	4
271	332	4
274	322	4
277	296	4
280	309	4
283	298	4
285	299	4
288	302	4
291	300	4
294	312	4
297	296	4
300	309	4
303	304	4
306	293	4
309	297	4
312	317	4
314	303	4
317	327	4
320	300	4
323	282	4
326	324	4
329	313	4
332	313	4
335	328	4
338	310	4
341	306	4
344	283	4
346	320	4
349	318	4
352	299	4
355	311	4
358	306	4
361	301	4
364	298	4
367	289	4
370	296	4
373	293	4
375	292	4
378	295	4
381	296	4
384	301	4
387	305	4
390	296	4
393	289	4
396	298	4
399	272	4
402	310	4
404	307	4
407	308	4
410	317	4
413	326	4
416	304	4
419	311	4
422	307	4
425	304	4
428	314	4
431	291	4
434	298	4
436	294	4
439	324	4
442	340	4
445	306	4
448	293	4
451	315	4
454	308	4
457	322	4
460	289	4
463	296	4
465	310	4
468	295	4
471	307	4
474	293	4
477	299	4
480	297	4
483	296	4
486	309	4
489	290	4
492	284	4
495	298	4
497	300	4
500	317	4
503	290	4
506	347	4
509	284	4
512	300	4
515	318	4
518	302	4
521	299	4
524	280	4
526	283	4
529	299	4
532	310	4
535	304	4
538	302	4
541	352	4
544	303	4
547	296	4
550	323	4
553	310	4
556	310	4
558	300	4
561	305	4
564	310	4
567	289	4
570	283	4
573	289	4
576	299	4
579	285	4
582	304	4
585	283	4
587	281	4
590	295	4
593	289	4
596	295	4
599	275	4
602	287	4
605	289	4
608	351	4
611	288	4
614	322	4
617	283	4
619	274	4
622	291	4
625	285	4
628	297	4
631	327	4
634	313	4
637	310	4
640	291	4
643	301	4
646	321	4
648	278	4
651	301	4
654	300	4
657	315	4
660	306	4
663	293	4
666	295	4
669	301	4
672	299	4
675	319	4
678	277	4
680	312	4
683	272	4
686	291	4
689	296	4
692	298	4
695	302	4
698	291	4
701	311	4
704	292	4
707	299	4
709	318	4
712	302	4
715	303	4
718	313	4
721	331	4
724	291	4
727	289	4
730	305	4
733	299	4
736	306	4
738	301	4
741	313	4
744	283	4
747	297	4
750	304	4
753	298	4
756	292	4
759	325	4
762	290	4
765	297	4
768	292	4
770	306	4
773	258	4
776	307	4
779	285	4
782	303	4
785	306	4
788	298	4
791	280	4
794	307	4
797	306	4
799	297	4
802	304	4
805	281	4
808	303	4
811	318	4
814	296	4
817	296	4
820	302	4
823	345	4
826	268	4
829	290	4
831	295	4
834	310	4
837	318	4
840	285	4
843	326	4
846	308	4
849	310	4
852	292	4
855	285	4
858	299	4
860	302	4
863	289	4
866	290	4
869	287	4
872	303	4
875	308	4
878	298	4
881	292	4
884	306	4
887	293	4
890	309	4
892	276	4
895	292	4
898	325	4
901	328	4
904	320	4
907	346	4
910	318	4
913	289	4
916	314	4
919	321	4
921	322	4
924	327	4
927	316	4
930	315	4
933	310	4
936	302	4
939	321	4
942	333	4
945	339	4
948	323	4
951	314	4
953	324	4
956	301	4
959	317	4
962	315	4
965	325	4
968	319	4
971	304	4
974	296	4
977	322	4
980	296	4
982	297	4
985	307	4
988	304	4
991	303	4
994	298	4
997	305	4
1000	305	4
1003	320	4
1006	297	4
1009	314	4
1012	290	4
1014	310	4
1017	324	4
1020	303	4
1023	310	4
1026	297	4
1029	300	4
1032	273	4
1035	285	4
1038	298	4
1041	330	4
1043	325	4
1046	302	4
1049	319	4
1052	320	4
1055	300	4
1058	297	4
1061	302	4
1064	313	4
1067	316	4
1070	311	4
1072	306	4
70	302	4
73	299	4
76	320	4
79	283	4
82	311	4
85	312	4
88	285	4
91	301	4
94	332	4
97	299	4
100	297	4
102	296	4
105	327	4
108	306	4
111	315	4
114	304	4
117	306	4
120	305	4
123	328	4
126	296	4
129	311	4
131	298	4
134	300	4
137	314	4
140	319	4
143	324	4
146	355	4
149	317	4
152	321	4
155	307	4
158	313	4
161	320	4
163	315	4
166	359	4
169	337	4
172	315	4
175	320	4
178	304	4
181	350	4
184	342	4
187	291	4
190	315	4
192	310	4
195	297	4
198	300	4
201	328	4
204	329	4
207	307	4
210	328	4
213	275	4
216	316	4
219	308	4
222	272	4
224	298	4
227	328	4
230	325	4
233	333	4
236	326	4
239	314	4
242	303	4
245	301	4
248	296	4
251	305	4
253	302	4
256	291	4
259	293	4
262	290	4
265	335	4
268	289	4
271	302	4
274	336	4
277	296	4
280	307	4
283	302	4
285	312	4
288	316	4
291	307	4
294	277	4
297	292	4
300	294	4
303	288	4
306	292	4
309	277	4
312	283	4
314	301	4
317	320	4
320	281	4
323	267	4
326	303	4
329	329	4
332	292	4
335	305	4
338	272	4
341	288	4
344	319	4
346	290	4
349	319	4
352	302	4
355	303	4
358	315	4
361	292	4
364	270	4
367	285	4
370	305	4
373	296	4
375	273	4
378	283	4
381	292	4
384	279	4
387	275	4
390	303	4
393	285	4
396	287	4
399	299	4
402	294	4
404	292	4
407	325	4
410	282	4
413	325	4
416	303	4
419	308	4
422	298	4
425	253	4
428	296	4
431	285	4
434	282	4
436	304	4
439	275	4
442	273	4
445	305	4
448	277	4
451	325	4
454	275	4
457	289	4
460	290	4
463	297	4
465	293	4
468	316	4
471	306	4
474	299	4
477	308	4
480	284	4
483	295	4
486	309	4
489	328	4
492	301	4
495	307	4
497	297	4
500	314	4
503	330	4
506	299	4
509	282	4
512	292	4
515	342	4
518	294	4
521	296	4
524	278	4
526	303	4
529	291	4
532	283	4
535	293	4
538	280	4
541	305	4
544	267	4
547	279	4
550	272	4
553	301	4
556	300	4
558	286	4
561	296	4
564	291	4
567	284	4
570	314	4
573	335	4
576	306	4
579	286	4
582	316	4
585	275	4
587	291	4
590	304	4
593	277	4
596	288	4
599	280	4
602	272	4
605	292	4
608	330	4
611	284	4
614	327	4
617	301	4
619	301	4
622	282	4
625	263	4
628	270	4
631	322	4
634	317	4
637	292	4
640	286	4
643	295	4
646	311	4
648	295	4
651	299	4
654	292	4
657	316	4
660	328	4
663	274	4
666	261	4
669	308	4
672	285	4
675	331	4
678	292	4
680	295	4
683	288	4
686	308	4
689	310	4
692	296	4
695	293	4
698	309	4
701	302	4
704	259	4
707	288	4
709	304	4
712	288	4
715	305	4
718	346	4
721	318	4
724	267	4
727	296	4
730	287	4
733	302	4
736	285	4
738	295	4
741	289	4
744	296	4
747	290	4
750	315	4
753	280	4
756	290	4
759	325	4
762	286	4
765	273	4
768	270	4
770	290	4
773	271	4
776	307	4
779	283	4
782	324	4
785	301	4
788	273	4
791	247	4
794	298	4
797	319	4
799	299	4
802	255	4
805	294	4
808	302	4
811	303	4
814	290	4
817	292	4
820	322	4
823	335	4
826	287	4
829	294	4
831	287	4
834	298	4
837	304	4
840	276	4
843	330	4
846	306	4
849	287	4
852	260	4
855	286	4
858	310	4
860	304	4
863	290	4
866	277	4
869	288	4
872	289	4
875	306	4
878	281	4
881	305	4
884	270	4
887	286	4
890	296	4
892	291	4
895	300	4
898	329	4
901	335	4
904	308	4
907	307	4
910	287	4
913	249	4
916	295	4
919	301	4
921	316	4
924	287	4
927	313	4
930	285	4
933	314	4
936	288	4
939	290	4
942	277	4
945	265	4
948	303	4
951	300	4
953	294	4
956	312	4
959	318	4
962	310	4
965	297	4
968	295	4
971	274	4
974	277	4
977	312	4
980	297	4
982	293	4
985	278	4
988	287	4
991	291	4
994	291	4
997	297	4
1000	273	4
1003	324	4
1006	301	4
1009	288	4
1012	298	4
1014	293	4
1017	317	4
1020	285	4
1023	277	4
1026	295	4
1029	306	4
1032	307	4
1035	276	4
1038	301	4
1041	329	4
1043	269	4
1046	316	4
1049	284	4
1052	295	4
1055	272	4
1058	304	4
1061	308	4
1064	298	4
1067	267	4
1070	308	4
1072	282	4
