70	304	4
74	297	4
77	317	4
81	316	4
84	302	4
88	290	4
91	313	4
95	305	4
98	298	4
102	301	4
105	312	4
109	306	4
112	325	4
115	308	4
119	315	4
122	314	4
126	314	4
129	301	4
133	338	4
136	289	4
140	313	4
143	330	4
147	291	4
150	314	4
153	322	4
157	324	4
160	308	4
164	329	4
167	302	4
171	282	4
174	324	4
178	331	4
181	289	4
185	291	4
188	315	4
191	316	4
195	290	4
198	334	4
202	285	4
205	300	4
209	294	4
212	301	4
216	291	4
219	307	4
223	286	4
226	322	4
229	301	4
233	301	4
236	324	4
240	308	4
243	309	4
247	303	4
250	300	4
254	314	4
257	298	4
261	300	4
264	305	4
267	299	4
271	321	4
274	319	4
278	317	4
281	324	4
285	304	4
288	309	4
292	325	4
295	293	4
299	293	4
302	299	4
305	309	4
309	305	4
312	314	4
316	279	4
319	322	4
323	289	4
326	301	4
330	313	4
333	294	4
337	310	4
340	300	4
343	306	4
347	300	4
350	301	4
354	289	4
357	302	4
361	298	4
364	309	4
368	313	4
371	300	4
375	320	4
378	313	4
381	314	4
385	314	4
388	300	4
392	263	4
395	315	4
399	303	4
402	316	4
406	319	4
409	308	4
413	302	4
416	314	4
420	320	4
423	311	4
426	297	4
430	307	4
433	329	4
437	318	4
440	317	4
444	331	4
447	313	4
451	298	4
454	312	4
458	322	4
461	308	4
464	317	4
468	316	4
471	324	4
475	324	4
478	314	4
482	275	4
485	309	4
489	308	4
492	319	4
496	306	4
499	308	4
502	285	4
506	329	4
509	298	4
513	329	4
516	298	4
520	297	4
523	334	4
527	314	4
530	317	4
534	306	4
537	315	4
540	317	4
544	289	4
547	321	4
551	316	4
554	298	4
558	297	4
561	281	4
565	312	4
568	346	4
572	314	4
575	312	4
578	321	4
582	294	4
585	327	4
589	323	4
592	325	4
596	318	4
599	311	4
603	305	4
606	317	4
610	317	4
613	308	4
616	307	4
620	322	4
623	320	4
627	334	4
630	304	4
634	334	4
637	292	4
641	296	4
644	297	4
648	307	4
651	309	4
654	306	4
658	307	4
661	301	4
665	289	4
668	308	4
672	310	4
675	327	4
679	324	4
682	323	4
686	307	4
689	311	4
692	327	4
696	295	4
699	317	4
703	308	4
706	299	4
710	340	4
713	317	4
717	320	4
720	317	4
724	290	4
727	311	4
730	310	4
