70	321	4
74	314	4
77	322	4
81	294	4
84	330	4
87	318	4
91	329	4
94	306	4
97	311	4
101	297	4
104	300	4
107	326	4
111	291	4
114	302	4
117	338	4
121	292	4
124	318	4
127	334	4
131	280	4
134	333	4
138	291	4
141	329	4
144	324	4
148	339	4
151	338	4
154	301	4
158	315	4
161	299	4
164	331	4
168	335	4
171	375	4
174	320	4
178	312	4
181	326	4
184	321	4
188	331	4
191	332	4
194	321	4
198	333	4
201	338	4
205	314	4
208	288	4
211	300	4
215	297	4
218	321	4
221	322	4
225	303	4
228	290	4
231	303	4
235	301	4
238	319	4
241	324	4
245	297	4
248	309	4
251	303	4
255	323	4
258	297	4
261	280	4
265	286	4
268	306	4
272	297	4
275	326	4
278	309	4
282	302	4
285	282	4
288	308	4
292	309	4
295	298	4
298	317	4
302	306	4
305	313	4
308	303	4
312	298	4
315	337	4
318	308	4
322	320	4
325	302	4
328	314	4
332	324	4
335	309	4
339	294	4
342	327	4
345	283	4
349	296	4
352	304	4
355	323	4
359	318	4
362	316	4
365	333	4
369	293	4
372	308	4
375	304	4
379	321	4
382	309	4
385	319	4
389	317	4
392	291	4
395	299	4
399	328	4
402	329	4
406	324	4
409	317	4
412	304	4
416	304	4
419	304	4
422	297	4
426	304	4
429	337	4
432	346	4
436	303	4
439	305	4
442	327	4
446	323	4
449	314	4
452	296	4
456	321	4
459	333	4
462	326	4
466	326	4
469	336	4
473	316	4
476	338	4
479	312	4
483	324	4
486	321	4
489	305	4
493	343	4
496	314	4
499	326	4
503	324	4
506	316	4
509	312	4
513	314	4
516	319	4
519	315	4
523	325	4
526	344	4
529	323	4
533	316	4
536	339	4
540	311	4
543	328	4
546	319	4
550	309	4
553	312	4
556	314	4
560	322	4
563	315	4
566	330	4
570	306	4
573	315	4
576	322	4
580	319	4
583	299	4
586	321	4
590	314	4
593	339	4
596	301	4
600	321	4
603	296	4
607	303	4
610	315	4
613	304	4
617	307	4
620	294	4
623	319	4
627	326	4
630	290	4
633	329	4
637	297	4
640	300	4
643	296	4
647	309	4
650	306	4
653	310	4
657	322	4
660	309	4
663	313	4
667	315	4
670	303	4
674	290	4
677	316	4
680	310	4
684	305	4
687	285	4
690	312	4
694	321	4
697	303	4
700	317	4
704	306	4
707	310	4
710	318	4
714	300	4
717	294	4
720	308	4
724	295	4
727	292	4
730	299	4
