70	312	4
74	321	4
77	313	4
80	304	4
83	322	4
86	315	4
89	294	4
92	306	4
95	328	4
98	319	4
101	309	4
104	332	4
107	318	4
110	298	4
113	314	4
116	297	4
119	303	4
122	322	4
125	299	4
129	322	4
132	300	4
135	311	4
138	335	4
141	289	4
144	324	4
147	276	4
150	328	4
153	321	4
156	284	4
159	336	4
162	305	4
165	334	4
168	326	4
171	318	4
174	306	4
177	323	4
180	309	4
184	314	4
187	341	4
190	323	4
193	311	4
196	335	4
199	286	4
202	339	4
205	311	4
208	268	4
211	294	4
214	317	4
217	328	4
220	306	4
223	306	4
226	305	4
229	308	4
232	329	4
235	313	4
239	319	4
242	316	4
245	310	4
248	294	4
251	319	4
254	325	4
257	297	4
260	289	4
263	316	4
266	331	4
269	321	4
272	320	4
275	299	4
278	298	4
281	295	4
284	316	4
287	313	4
290	307	4
294	306	4
297	303	4
300	284	4
303	296	4
306	308	4
309	297	4
312	309	4
315	305	4
318	303	4
321	275	4
324	311	4
327	297	4
330	313	4
333	311	4
336	292	4
339	290	4
342	299	4
345	319	4
349	313	4
352	294	4
355	317	4
358	342	4
361	332	4
364	300	4
367	320	4
370	338	4
373	315	4
376	323	4
379	307	4
382	304	4
385	321	4
388	324	4
391	327	4
394	329	4
397	316	4
400	318	4
404	315	4
407	311	4
410	322	4
413	299	4
416	316	4
419	292	4
422	297	4
425	317	4
428	327	4
431	332	4
434	311	4
437	328	4
440	326	4
443	318	4
446	305	4
449	312	4
452	289	4
455	304	4
459	297	4
462	316	4
465	293	4
468	304	4
471	309	4
474	313	4
477	308	4
480	310	4
483	304	4
486	301	4
489	320	4
492	333	4
495	318	4
498	289	4
501	351	4
504	337	4
507	296	4
510	324	4
514	350	4
517	313	4
520	299	4
523	311	4
526	305	4
529	335	4
532	327	4
535	339	4
538	323	4
541	305	4
544	350	4
547	327	4
550	294	4
553	303	4
556	313	4
559	342	4
562	332	4
565	301	4
569	307	4
572	315	4
575	339	4
578	317	4
581	318	4
584	324	4
587	300	4
590	310	4
593	293	4
596	303	4
599	337	4
602	353	4
605	350	4
608	307	4
611	334	4
614	299	4
617	322	4
620	331	4
624	307	4
627	278	4
630	360	4
633	296	4
636	329	4
639	312	4
642	337	4
645	295	4
648	299	4
651	313	4
654	309	4
657	293	4
660	307	4
663	300	4
666	292	4
669	307	4
672	331	4
675	312	4
679	310	4
682	314	4
685	314	4
688	344	4
691	317	4
694	313	4
697	348	4
700	304	4
703	315	4
706	311	4
709	319	4
712	330	4
715	296	4
718	310	4
721	296	4
724	309	4
727	337	4
730	346	4
70	310	4
74	304	4
77	305	4
80	292	4
83	316	4
86	317	4
89	328	4
92	280	4
95	303	4
98	284	4
101	328	4
104	328	4
107	297	4
110	316	4
113	309	4
116	300	4
119	286	4
122	305	4
125	305	4
129	306	4
132	295	4
135	334	4
138	316	4
141	275	4
144	313	4
147	314	4
150	323	4
153	325	4
156	291	4
159	314	4
162	304	4
165	316	4
168	314	4
171	312	4
174	326	4
177	309	4
180	311	4
184	314	4
187	306	4
190	311	4
193	306	4
196	317	4
199	296	4
202	317	4
205	291	4
208	263	4
211	311	4
214	312	4
217	312	4
220	308	4
223	303	4
226	295	4
229	309	4
232	296	4
235	317	4
239	314	4
242	305	4
245	292	4
248	289	4
251	292	4
254	316	4
257	303	4
260	274	4
263	301	4
266	318	4
269	301	4
272	303	4
275	288	4
278	290	4
281	313	4
284	302	4
287	308	4
290	292	4
294	271	4
297	294	4
300	297	4
303	307	4
306	320	4
309	284	4
312	319	4
315	324	4
318	299	4
321	244	4
324	293	4
327	341	4
330	322	4
333	318	4
336	311	4
339	331	4
342	319	4
345	295	4
349	319	4
352	304	4
355	319	4
358	320	4
361	333	4
364	334	4
367	317	4
370	316	4
373	304	4
376	320	4
379	300	4
382	301	4
385	334	4
388	295	4
391	315	4
394	315	4
397	330	4
400	311	4
404	313	4
407	307	4
410	299	4
413	305	4
416	305	4
419	299	4
422	324	4
425	320	4
428	286	4
431	335	4
434	308	4
437	334	4
440	316	4
443	296	4
446	324	4
449	304	4
452	318	4
455	326	4
459	325	4
462	307	4
465	321	4
468	307	4
471	304	4
474	321	4
477	304	4
480	292	4
483	334	4
486	307	4
489	322	4
492	302	4
495	305	4
498	306	4
501	314	4
504	318	4
507	299	4
510	320	4
514	325	4
517	295	4
520	316	4
523	306	4
526	305	4
529	315	4
532	308	4
535	294	4
538	312	4
541	301	4
544	312	4
547	300	4
550	320	4
553	312	4
556	312	4
559	318	4
562	307	4
565	308	4
569	311	4
572	301	4
575	317	4
578	295	4
581	294	4
584	304	4
587	307	4
590	279	4
593	295	4
596	318	4
599	304	4
602	301	4
605	306	4
608	301	4
611	304	4
614	291	4
617	314	4
620	301	4
624	310	4
627	254	4
630	329	4
633	321	4
636	302	4
639	298	4
642	313	4
645	296	4
648	299	4
651	309	4
654	293	4
657	301	4
660	283	4
663	301	4
666	321	4
669	280	4
672	290	4
675	302	4
679	306	4
682	294	4
685	286	4
688	293	4
691	312	4
694	296	4
697	294	4
700	300	4
703	318	4
706	313	4
709	308	4
712	326	4
715	316	4
718	302	4
721	300	4
724	304	4
727	315	4
730	305	4
70	269	4
74	320	4
77	312	4
80	276	4
83	239	4
86	321	4
89	325	4
92	291	4
95	298	4
98	272	4
101	308	4
104	319	4
107	343	4
110	251	4
113	292	4
116	308	4
119	308	4
122	325	4
125	258	4
129	299	4
132	316	4
135	369	4
138	314	4
141	258	4
144	257	4
147	315	4
150	325	4
153	354	4
156	256	4
159	315	4
162	293	4
165	337	4
168	289	4
171	316	4
174	326	4
177	320	4
180	349	4
184	277	4
187	314	4
190	328	4
193	335	4
196	330	4
199	216	4
202	332	4
205	306	4
208	272	4
211	334	4
214	325	4
217	312	4
220	304	4
223	313	4
226	271	4
229	308	4
232	293	4
235	285	4
239	301	4
242	322	4
245	302	4
248	178	4
251	300	4
254	291	4
257	316	4
260	200	4
263	355	4
266	307	4
269	286	4
272	330	4
275	290	4
278	318	4
281	320	4
284	340	4
287	272	4
290	303	4
294	302	4
297	287	4
300	230	4
303	339	4
306	284	4
309	316	4
312	286	4
315	272	4
318	300	4
321	278	4
324	322	4
327	188	4
330	350	4
333	327	4
336	318	4
339	310	4
342	311	4
345	319	4
349	303	4
352	317	4
355	314	4
358	357	4
361	345	4
364	358	4
367	330	4
370	344	4
373	348	4
376	350	4
379	287	4
382	245	4
385	369	4
388	356	4
391	327	4
394	323	4
397	321	4
400	330	4
404	340	4
407	339	4
410	329	4
413	321	4
416	317	4
419	314	4
422	313	4
425	325	4
428	356	4
431	308	4
434	319	4
437	277	4
440	324	4
443	346	4
446	248	4
449	318	4
452	249	4
455	303	4
459	323	4
462	288	4
465	305	4
468	300	4
471	308	4
474	327	4
477	260	4
480	304	4
483	292	4
486	263	4
489	325	4
492	333	4
495	302	4
498	304	4
501	344	4
504	327	4
507	226	4
510	279	4
514	313	4
517	246	4
520	340	4
523	305	4
526	306	4
529	301	4
532	319	4
535	318	4
538	332	4
541	305	4
544	296	4
547	337	4
550	294	4
553	276	4
556	354	4
559	310	4
562	325	4
565	334	4
569	311	4
572	324	4
575	337	4
578	351	4
581	323	4
584	338	4
587	297	4
590	322	4
593	315	4
596	254	4
599	344	4
602	329	4
605	330	4
608	317	4
611	315	4
614	314	4
617	307	4
620	277	4
624	282	4
627	268	4
630	344	4
633	339	4
636	312	4
639	314	4
642	263	4
645	276	4
648	318	4
651	277	4
654	316	4
657	287	4
660	306	4
663	326	4
666	256	4
669	313	4
672	338	4
675	256	4
679	314	4
682	308	4
685	320	4
688	286	4
691	335	4
694	312	4
697	340	4
700	319	4
703	262	4
706	279	4
709	333	4
712	340	4
715	344	4
718	321	4
721	292	4
724	316	4
727	339	4
730	337	4
70	325	4
74	319	4
77	286	4
80	312	4
83	288	4
86	314	4
89	324	4
92	307	4
95	301	4
98	301	4
101	308	4
104	318	4
107	328	4
110	310	4
113	297	4
116	296	4
119	295	4
122	310	4
125	313	4
129	310	4
132	269	4
135	365	4
138	319	4
141	313	4
144	307	4
147	304	4
150	325	4
153	338	4
156	313	4
159	328	4
162	307	4
165	324	4
168	332	4
171	332	4
174	300	4
177	307	4
180	315	4
184	309	4
187	300	4
190	309	4
193	308	4
196	329	4
199	316	4
202	327	4
205	308	4
208	302	4
211	316	4
214	313	4
217	311	4
220	319	4
223	312	4
226	318	4
229	297	4
232	310	4
235	318	4
239	310	4
242	312	4
245	293	4
248	297	4
251	291	4
254	304	4
257	292	4
260	280	4
263	326	4
266	303	4
269	307	4
272	315	4
275	299	4
278	321	4
281	308	4
284	317	4
287	316	4
290	272	4
294	289	4
297	294	4
300	292	4
303	313	4
306	306	4
309	317	4
312	294	4
315	285	4
318	295	4
321	290	4
324	309	4
327	303	4
330	335	4
333	296	4
336	294	4
339	310	4
342	308	4
345	296	4
349	312	4
352	291	4
355	319	4
358	326	4
361	302	4
364	327	4
367	303	4
370	321	4
373	316	4
376	328	4
379	302	4
382	309	4
385	348	4
388	335	4
391	330	4
394	323	4
397	322	4
400	313	4
404	295	4
407	327	4
410	320	4
413	309	4
416	289	4
419	302	4
422	314	4
425	325	4
428	351	4
431	325	4
434	352	4
437	342	4
440	344	4
443	335	4
446	315	4
449	317	4
452	311	4
455	315	4
459	324	4
462	337	4
465	300	4
468	305	4
471	296	4
474	325	4
477	299	4
480	310	4
483	282	4
486	299	4
489	306	4
492	333	4
495	314	4
498	292	4
501	313	4
504	323	4
507	300	4
510	317	4
514	330	4
517	306	4
520	333	4
523	305	4
526	318	4
529	309	4
532	318	4
535	313	4
538	319	4
541	269	4
544	332	4
547	305	4
550	279	4
553	326	4
556	329	4
559	317	4
562	315	4
565	305	4
569	325	4
572	313	4
575	335	4
578	315	4
581	329	4
584	327	4
587	293	4
590	344	4
593	325	4
596	323	4
599	323	4
602	336	4
605	323	4
608	308	4
611	303	4
614	302	4
617	315	4
620	345	4
624	327	4
627	329	4
630	333	4
633	302	4
636	319	4
639	301	4
642	306	4
645	300	4
648	313	4
651	306	4
654	311	4
657	289	4
660	312	4
663	312	4
666	330	4
669	298	4
672	320	4
675	306	4
679	288	4
682	278	4
685	310	4
688	332	4
691	324	4
694	300	4
697	333	4
700	307	4
703	359	4
706	302	4
709	315	4
712	293	4
715	319	4
718	307	4
721	295	4
724	326	4
727	315	4
730	320	4
70	307	4
74	315	4
77	322	4
80	312	4
83	293	4
86	310	4
89	311	4
92	298	4
95	310	4
98	308	4
101	330	4
104	305	4
107	322	4
110	318	4
113	297	4
116	311	4
119	304	4
122	323	4
125	301	4
129	313	4
132	305	4
135	322	4
138	308	4
141	313	4
144	299	4
147	293	4
150	325	4
153	343	4
156	360	4
159	309	4
162	309	4
165	290	4
168	309	4
171	325	4
174	302	4
177	310	4
180	331	4
184	317	4
187	313	4
190	284	4
193	317	4
196	312	4
199	301	4
202	337	4
205	313	4
208	288	4
211	320	4
214	324	4
217	319	4
220	323	4
223	316	4
226	300	4
229	322	4
232	322	4
235	323	4
239	287	4
242	274	4
245	299	4
248	280	4
251	305	4
254	290	4
257	313	4
260	303	4
263	315	4
266	295	4
269	298	4
272	333	4
275	301	4
278	321	4
281	302	4
284	331	4
287	301	4
290	307	4
294	313	4
297	301	4
300	273	4
303	320	4
306	304	4
309	301	4
312	284	4
315	283	4
318	305	4
321	314	4
324	301	4
327	316	4
330	350	4
333	286	4
336	304	4
339	331	4
342	297	4
345	302	4
349	317	4
352	310	4
355	309	4
358	335	4
361	319	4
364	297	4
367	323	4
370	328	4
373	326	4
376	324	4
379	306	4
382	276	4
385	357	4
388	309	4
391	298	4
394	328	4
397	318	4
400	290	4
404	317	4
407	290	4
410	309	4
413	294	4
416	309	4
419	234	4
422	324	4
425	292	4
428	317	4
431	331	4
434	329	4
437	336	4
440	343	4
443	342	4
446	321	4
449	321	4
452	312	4
455	322	4
459	310	4
462	309	4
465	314	4
468	293	4
471	315	4
474	318	4
477	295	4
480	329	4
483	313	4
486	291	4
489	315	4
492	290	4
495	314	4
498	318	4
501	314	4
504	358	4
507	302	4
510	316	4
514	311	4
517	321	4
520	314	4
523	299	4
526	293	4
529	317	4
532	335	4
535	309	4
538	333	4
541	300	4
544	322	4
547	345	4
550	266	4
553	301	4
556	326	4
559	321	4
562	322	4
565	307	4
569	355	4
572	331	4
575	302	4
578	325	4
581	324	4
584	314	4
587	326	4
590	317	4
593	336	4
596	308	4
599	325	4
602	302	4
605	315	4
608	324	4
611	335	4
614	301	4
617	313	4
620	326	4
624	327	4
627	322	4
630	341	4
633	332	4
636	323	4
639	313	4
642	317	4
645	294	4
648	306	4
651	304	4
654	321	4
657	306	4
660	309	4
663	320	4
666	305	4
669	320	4
672	320	4
675	329	4
679	299	4
682	320	4
685	311	4
688	307	4
691	351	4
694	302	4
697	321	4
700	336	4
703	315	4
706	290	4
709	323	4
712	315	4
715	295	4
718	311	4
721	306	4
724	320	4
727	316	4
730	298	4
