70	298	4
74	310	4
77	308	4
81	302	4
84	297	4
88	310	4
91	331	4
95	326	4
98	291	4
102	319	4
105	310	4
109	309	4
112	313	4
115	291	4
119	321	4
122	315	4
126	297	4
129	305	4
133	309	4
136	292	4
140	314	4
143	309	4
147	272	4
150	295	4
153	300	4
157	335	4
160	296	4
164	301	4
167	322	4
171	291	4
174	312	4
178	302	4
181	308	4
185	294	4
188	307	4
191	301	4
195	309	4
198	317	4
202	297	4
205	297	4
209	299	4
212	305	4
216	275	4
219	304	4
223	301	4
226	318	4
229	285	4
233	281	4
236	297	4
240	298	4
243	308	4
247	283	4
250	324	4
254	294	4
257	263	4
261	277	4
264	306	4
267	293	4
271	325	4
274	296	4
278	297	4
281	303	4
285	302	4
288	309	4
292	274	4
295	300	4
299	292	4
302	284	4
305	312	4
309	289	4
312	307	4
316	285	4
319	306	4
323	313	4
326	310	4
330	309	4
333	334	4
337	321	4
340	306	4
343	280	4
347	298	4
350	306	4
354	292	4
357	300	4
361	339	4
364	297	4
368	295	4
371	302	4
375	296	4
378	301	4
381	307	4
385	300	4
388	311	4
392	283	4
395	308	4
399	305	4
402	275	4
406	298	4
409	293	4
413	299	4
416	294	4
420	288	4
423	303	4
426	282	4
430	310	4
433	283	4
437	326	4
440	308	4
444	298	4
447	312	4
451	321	4
454	338	4
458	290	4
461	336	4
464	317	4
468	306	4
471	324	4
475	328	4
478	325	4
482	302	4
485	297	4
489	313	4
492	321	4
496	343	4
499	296	4
502	301	4
506	305	4
509	330	4
513	319	4
516	315	4
520	324	4
523	325	4
527	307	4
530	340	4
534	319	4
537	310	4
540	295	4
544	308	4
547	319	4
551	294	4
554	304	4
558	311	4
561	294	4
565	322	4
568	289	4
572	309	4
575	312	4
578	305	4
582	340	4
585	322	4
589	316	4
592	307	4
596	289	4
599	320	4
603	299	4
606	327	4
610	316	4
613	305	4
616	309	4
620	339	4
623	311	4
627	247	4
630	293	4
634	318	4
637	300	4
641	326	4
644	303	4
648	309	4
651	308	4
654	302	4
658	322	4
661	312	4
665	250	4
668	298	4
672	308	4
675	298	4
679	322	4
682	322	4
686	298	4
689	291	4
692	298	4
696	325	4
699	349	4
703	305	4
706	304	4
710	337	4
713	300	4
717	304	4
720	303	4
724	333	4
727	303	4
730	310	4
70	304	4
74	297	4
77	317	4
81	316	4
84	302	4
88	290	4
91	313	4
95	305	4
98	298	4
102	301	4
105	312	4
109	306	4
112	325	4
115	308	4
119	315	4
122	314	4
126	314	4
129	301	4
133	338	4
136	289	4
140	313	4
143	330	4
147	291	4
150	314	4
153	322	4
157	324	4
160	308	4
164	329	4
167	302	4
171	282	4
174	324	4
178	331	4
181	289	4
185	291	4
188	315	4
191	316	4
195	290	4
198	334	4
202	285	4
205	300	4
209	294	4
212	301	4
216	291	4
219	307	4
223	286	4
226	322	4
229	301	4
233	301	4
236	324	4
240	308	4
243	309	4
247	303	4
250	300	4
254	314	4
257	298	4
261	300	4
264	305	4
267	299	4
271	321	4
274	319	4
278	317	4
281	324	4
285	304	4
288	309	4
292	325	4
295	293	4
299	293	4
302	299	4
305	309	4
309	305	4
312	314	4
316	279	4
319	322	4
323	289	4
326	301	4
330	313	4
333	294	4
337	310	4
340	300	4
343	306	4
347	300	4
350	301	4
354	289	4
357	302	4
361	298	4
364	309	4
368	313	4
371	300	4
375	320	4
378	313	4
381	314	4
385	314	4
388	300	4
392	263	4
395	315	4
399	303	4
402	316	4
406	319	4
409	308	4
413	302	4
416	314	4
420	320	4
423	311	4
426	297	4
430	307	4
433	329	4
437	318	4
440	317	4
444	331	4
447	313	4
451	298	4
454	312	4
458	322	4
461	308	4
464	317	4
468	316	4
471	324	4
475	324	4
478	314	4
482	275	4
485	309	4
489	308	4
492	319	4
496	306	4
499	308	4
502	285	4
506	329	4
509	298	4
513	329	4
516	298	4
520	297	4
523	334	4
527	314	4
530	317	4
534	306	4
537	315	4
540	317	4
544	289	4
547	321	4
551	316	4
554	298	4
558	297	4
561	281	4
565	312	4
568	346	4
572	314	4
575	312	4
578	321	4
582	294	4
585	327	4
589	323	4
592	325	4
596	318	4
599	311	4
603	305	4
606	317	4
610	317	4
613	308	4
616	307	4
620	322	4
623	320	4
627	334	4
630	304	4
634	334	4
637	292	4
641	296	4
644	297	4
648	307	4
651	309	4
654	306	4
658	307	4
661	301	4
665	289	4
668	308	4
672	310	4
675	327	4
679	324	4
682	323	4
686	307	4
689	311	4
692	327	4
696	295	4
699	317	4
703	308	4
706	299	4
710	340	4
713	317	4
717	320	4
720	317	4
724	290	4
727	311	4
730	310	4
70	325	4
74	320	4
77	360	4
81	313	4
84	330	4
88	308	4
91	324	4
95	293	4
98	313	4
102	314	4
105	306	4
109	307	4
112	302	4
115	365	4
119	293	4
122	316	4
126	282	4
129	307	4
133	327	4
136	323	4
140	339	4
143	326	4
147	285	4
150	296	4
153	321	4
157	322	4
160	318	4
164	341	4
167	311	4
171	264	4
174	310	4
178	316	4
181	293	4
185	269	4
188	311	4
191	320	4
195	314	4
198	300	4
202	291	4
205	336	4
209	181	4
212	302	4
216	230	4
219	311	4
223	285	4
226	316	4
229	299	4
233	303	4
236	316	4
240	311	4
243	263	4
247	297	4
250	275	4
254	311	4
257	325	4
261	322	4
264	320	4
267	260	4
271	305	4
274	326	4
278	328	4
281	317	4
285	324	4
288	304	4
292	306	4
295	315	4
299	291	4
302	299	4
305	261	4
309	316	4
312	264	4
316	288	4
319	336	4
323	281	4
326	299	4
330	345	4
333	229	4
337	326	4
340	311	4
343	250	4
347	295	4
350	280	4
354	261	4
357	299	4
361	328	4
364	311	4
368	308	4
371	305	4
375	296	4
378	309	4
381	320	4
385	309	4
388	296	4
392	297	4
395	334	4
399	318	4
402	206	4
406	268	4
409	279	4
413	307	4
416	303	4
420	309	4
423	314	4
426	293	4
430	325	4
433	332	4
437	301	4
440	327	4
444	335	4
447	309	4
451	285	4
454	349	4
458	352	4
461	334	4
464	335	4
468	333	4
471	341	4
475	312	4
478	279	4
482	267	4
485	281	4
489	338	4
492	308	4
496	325	4
499	294	4
502	359	4
506	284	4
509	325	4
513	313	4
516	326	4
520	329	4
523	325	4
527	315	4
530	340	4
534	320	4
537	301	4
540	270	4
544	303	4
547	307	4
551	294	4
554	303	4
558	313	4
561	266	4
565	305	4
568	298	4
572	315	4
575	316	4
578	319	4
582	303	4
585	376	4
589	317	4
592	344	4
596	176	4
599	309	4
603	242	4
606	323	4
610	350	4
613	345	4
616	354	4
620	327	4
623	313	4
627	318	4
630	289	4
634	343	4
637	312	4
641	327	4
644	249	4
648	317	4
651	298	4
654	303	4
658	320	4
661	312	4
665	253	4
668	317	4
672	299	4
675	331	4
679	282	4
682	359	4
686	306	4
689	299	4
692	305	4
696	332	4
699	315	4
703	325	4
706	317	4
710	328	4
713	289	4
717	323	4
720	313	4
724	261	4
727	326	4
730	306	4
70	287	4
74	306	4
77	303	4
81	283	4
84	317	4
88	311	4
91	311	4
95	310	4
98	297	4
102	318	4
105	301	4
109	337	4
112	295	4
115	301	4
119	319	4
122	315	4
126	295	4
129	304	4
133	315	4
136	304	4
140	331	4
143	320	4
147	274	4
150	290	4
153	289	4
157	290	4
160	291	4
164	315	4
167	330	4
171	282	4
174	302	4
178	311	4
181	282	4
185	289	4
188	305	4
191	320	4
195	327	4
198	307	4
202	293	4
205	310	4
209	301	4
212	299	4
216	293	4
219	302	4
223	286	4
226	320	4
229	283	4
233	286	4
236	293	4
240	320	4
243	310	4
247	299	4
250	285	4
254	307	4
257	290	4
261	292	4
264	307	4
267	298	4
271	324	4
274	294	4
278	284	4
281	297	4
285	311	4
288	306	4
292	293	4
295	305	4
299	284	4
302	312	4
305	306	4
309	304	4
312	312	4
316	302	4
319	320	4
323	288	4
326	293	4
330	300	4
333	305	4
337	302	4
340	293	4
343	298	4
347	279	4
350	331	4
354	309	4
357	296	4
361	312	4
364	306	4
368	287	4
371	306	4
375	297	4
378	310	4
381	287	4
385	295	4
388	302	4
392	297	4
395	312	4
399	298	4
402	308	4
406	320	4
409	297	4
413	316	4
416	290	4
420	300	4
423	301	4
426	336	4
430	301	4
433	330	4
437	303	4
440	310	4
444	319	4
447	292	4
451	302	4
454	309	4
458	312	4
461	305	4
464	313	4
468	329	4
471	340	4
475	332	4
478	313	4
482	321	4
485	288	4
489	318	4
492	310	4
496	325	4
499	301	4
502	316	4
506	296	4
509	327	4
513	318	4
516	314	4
520	316	4
523	338	4
527	318	4
530	332	4
534	291	4
537	300	4
540	299	4
544	334	4
547	293	4
551	313	4
554	286	4
558	304	4
561	299	4
565	330	4
568	291	4
572	310	4
575	297	4
578	313	4
582	291	4
585	340	4
589	321	4
592	319	4
596	315	4
599	310	4
603	295	4
606	355	4
610	333	4
613	327	4
616	307	4
620	318	4
623	300	4
627	310	4
630	292	4
634	315	4
637	293	4
641	325	4
644	289	4
648	316	4
651	303	4
654	301	4
658	312	4
661	319	4
665	261	4
668	309	4
672	325	4
675	311	4
679	323	4
682	318	4
686	301	4
689	300	4
692	310	4
696	320	4
699	307	4
703	301	4
706	298	4
710	306	4
713	296	4
717	306	4
720	291	4
724	307	4
727	315	4
730	303	4
70	293	4
74	299	4
77	302	4
81	297	4
84	314	4
88	319	4
91	293	4
95	303	4
98	306	4
102	322	4
105	292	4
109	314	4
112	313	4
115	300	4
119	323	4
122	289	4
126	309	4
129	299	4
133	319	4
136	313	4
140	326	4
143	337	4
147	304	4
150	278	4
153	313	4
157	313	4
160	312	4
164	287	4
167	302	4
171	295	4
174	315	4
178	301	4
181	302	4
185	295	4
188	321	4
191	283	4
195	295	4
198	310	4
202	303	4
205	332	4
209	284	4
212	288	4
216	276	4
219	318	4
223	300	4
226	327	4
229	300	4
233	283	4
236	289	4
240	297	4
243	291	4
247	302	4
250	276	4
254	293	4
257	279	4
261	277	4
264	290	4
267	266	4
271	352	4
274	320	4
278	289	4
281	306	4
285	297	4
288	297	4
292	291	4
295	292	4
299	310	4
302	293	4
305	305	4
309	292	4
312	268	4
316	276	4
319	324	4
323	300	4
326	278	4
330	273	4
333	283	4
337	305	4
340	312	4
343	320	4
347	305	4
350	311	4
354	305	4
357	303	4
361	297	4
364	309	4
368	298	4
371	294	4
375	281	4
378	295	4
381	318	4
385	292	4
388	300	4
392	313	4
395	305	4
399	284	4
402	304	4
406	304	4
409	311	4
413	293	4
416	304	4
420	298	4
423	291	4
426	299	4
430	292	4
433	273	4
437	306	4
440	308	4
444	309	4
447	302	4
451	282	4
454	329	4
458	318	4
461	297	4
464	316	4
468	352	4
471	294	4
475	321	4
478	301	4
482	326	4
485	300	4
489	331	4
492	319	4
496	339	4
499	305	4
502	293	4
506	292	4
509	305	4
513	313	4
516	309	4
520	318	4
523	297	4
527	285	4
530	302	4
534	279	4
537	311	4
540	294	4
544	325	4
547	331	4
551	314	4
554	292	4
558	316	4
561	315	4
565	311	4
568	287	4
572	309	4
575	302	4
578	310	4
582	329	4
585	318	4
589	311	4
592	336	4
596	300	4
599	294	4
603	280	4
606	344	4
610	336	4
613	311	4
616	286	4
620	319	4
623	297	4
627	295	4
630	301	4
634	354	4
637	301	4
641	315	4
644	288	4
648	291	4
651	295	4
654	307	4
658	295	4
661	286	4
665	301	4
668	315	4
672	301	4
675	298	4
679	289	4
682	316	4
686	303	4
689	292	4
692	329	4
696	335	4
699	343	4
703	295	4
706	337	4
710	290	4
713	315	4
717	319	4
720	295	4
724	301	4
727	332	4
730	329	4
