70	306	4
76	291	4
82	303	4
88	300	4
93	316	4
99	319	4
105	353	4
111	306	4
116	306	4
122	341	4
128	290	4
134	325	4
139	322	4
145	315	4
151	308	4
157	344	4
162	317	4
168	290	4
174	295	4
180	327	4
185	306	4
191	308	4
197	300	4
202	316	4
208	325	4
214	315	4
220	310	4
225	295	4
231	233	4
237	326	4
243	314	4
248	338	4
254	306	4
260	304	4
266	321	4
271	327	4
277	320	4
283	331	4
289	340	4
294	350	4
300	316	4
306	322	4
312	350	4
317	319	4
323	312	4
329	324	4
334	335	4
340	311	4
346	282	4
352	264	4
357	258	4
363	318	4
369	313	4
375	297	4
380	306	4
386	286	4
392	304	4
398	359	4
403	265	4
409	292	4
415	317	4
421	279	4
426	300	4
432	290	4
438	319	4
444	282	4
449	287	4
455	307	4
461	303	4
466	294	4
472	277	4
478	316	4
484	319	4
489	298	4
495	307	4
501	312	4
507	306	4
512	304	4
518	284	4
524	306	4
530	295	4
535	301	4
541	313	4
547	303	4
553	299	4
558	320	4
564	303	4
570	281	4
576	332	4
581	301	4
587	324	4
593	291	4
598	308	4
604	324	4
610	309	4
616	310	4
621	303	4
627	319	4
633	308	4
639	312	4
644	310	4
650	319	4
656	317	4
662	296	4
667	292	4
673	311	4
679	285	4
685	274	4
690	305	4
696	290	4
702	282	4
708	292	4
713	289	4
719	318	4
725	289	4
730	308	4
