70	302	4
73	297	4
76	282	4
79	260	4
82	278	4
85	282	4
88	266	4
90	329	4
93	323	4
96	298	4
99	265	4
102	279	4
105	254	4
107	329	4
110	287	4
113	277	4
116	307	4
119	292	4
122	336	4
125	290	4
127	286	4
130	296	4
133	291	4
136	266	4
139	322	4
142	301	4
144	287	4
147	300	4
150	288	4
153	280	4
156	317	4
159	311	4
161	302	4
164	334	4
167	363	4
170	336	4
173	316	4
176	326	4
179	297	4
181	332	4
184	331	4
187	331	4
190	296	4
193	324	4
196	345	4
198	315	4
201	300	4
204	267	4
207	308	4
210	308	4
213	296	4
215	314	4
218	317	4
221	319	4
224	344	4
227	285	4
230	326	4
233	299	4
235	309	4
238	296	4
241	324	4
244	319	4
247	314	4
250	335	4
252	287	4
255	332	4
258	343	4
261	321	4
264	317	4
267	294	4
269	332	4
272	320	4
275	330	4
278	317	4
281	293	4
284	330	4
287	306	4
289	296	4
292	301	4
295	315	4
298	296	4
301	301	4
304	310	4
306	325	4
309	349	4
312	298	4
315	307	4
318	323	4
321	299	4
323	337	4
326	320	4
329	345	4
332	308	4
335	313	4
338	304	4
341	308	4
343	278	4
346	312	4
349	362	4
352	312	4
355	264	4
358	338	4
360	309	4
363	308	4
366	311	4
369	302	4
372	333	4
375	327	4
377	318	4
380	324	4
383	318	4
386	322	4
389	314	4
392	313	4
395	290	4
397	299	4
400	341	4
403	319	4
406	305	4
409	330	4
412	303	4
414	299	4
417	310	4
420	347	4
423	312	4
426	311	4
429	326	4
431	306	4
434	309	4
437	297	4
440	327	4
443	346	4
446	316	4
449	326	4
451	294	4
454	310	4
457	331	4
460	364	4
463	283	4
466	296	4
468	310	4
471	324	4
474	333	4
477	322	4
480	325	4
483	336	4
485	338	4
488	334	4
491	291	4
494	322	4
497	307	4
500	303	4
503	341	4
505	325	4
508	308	4
511	335	4
514	298	4
517	288	4
520	330	4
522	342	4
525	328	4
528	289	4
531	300	4
534	301	4
537	344	4
539	285	4
542	332	4
545	305	4
548	309	4
551	322	4
554	307	4
557	317	4
559	321	4
562	303	4
565	313	4
568	315	4
571	298	4
574	302	4
576	315	4
579	298	4
582	322	4
585	338	4
588	318	4
591	344	4
593	318	4
596	311	4
599	275	4
602	333	4
605	321	4
608	304	4
611	310	4
613	304	4
616	302	4
619	303	4
622	318	4
625	301	4
628	328	4
630	278	4
633	302	4
636	334	4
639	315	4
642	298	4
645	370	4
647	321	4
650	303	4
653	319	4
656	298	4
659	289	4
662	306	4
665	298	4
667	308	4
670	308	4
673	267	4
676	303	4
679	321	4
682	307	4
684	315	4
687	307	4
690	299	4
693	305	4
696	309	4
699	302	4
701	327	4
704	296	4
707	308	4
710	308	4
713	337	4
716	316	4
719	323	4
721	309	4
724	282	4
727	289	4
730	305	4
733	302	4
736	326	4
738	314	4
741	317	4
744	312	4
747	314	4
750	293	4
753	315	4
755	329	4
758	346	4
761	342	4
764	305	4
767	274	4
770	282	4
773	296	4
775	294	4
778	296	4
781	299	4
784	313	4
787	320	4
790	304	4
792	298	4
795	317	4
798	293	4
801	345	4
804	333	4
807	299	4
809	276	4
812	324	4
815	317	4
818	290	4
821	283	4
824	312	4
827	313	4
829	282	4
832	309	4
835	300	4
838	306	4
841	311	4
844	300	4
846	307	4
849	303	4
852	314	4
855	303	4
858	298	4
861	315	4
863	322	4
866	317	4
869	356	4
872	319	4
875	356	4
878	325	4
881	308	4
883	278	4
886	315	4
889	340	4
892	310	4
895	314	4
898	282	4
900	296	4
903	289	4
906	300	4
909	332	4
912	302	4
915	306	4
917	325	4
