70	292	4
75	280	4
80	338	4
85	310	4
90	308	4
95	297	4
100	315	4
105	278	4
110	320	4
115	319	4
120	306	4
125	305	4
130	298	4
135	324	4
140	309	4
145	306	4
150	323	4
155	308	4
160	314	4
165	303	4
170	340	4
175	299	4
180	321	4
185	317	4
190	317	4
195	319	4
200	266	4
204	306	4
209	311	4
214	298	4
219	353	4
224	299	4
229	304	4
234	308	4
239	318	4
244	306	4
249	321	4
254	308	4
259	297	4
264	304	4
269	333	4
274	328	4
279	311	4
284	305	4
289	300	4
294	302	4
299	332	4
304	315	4
309	340	4
314	316	4
319	287	4
324	309	4
329	371	4
334	346	4
338	324	4
343	318	4
348	344	4
353	293	4
358	320	4
363	312	4
368	316	4
373	303	4
378	303	4
383	331	4
388	285	4
393	338	4
398	322	4
403	308	4
408	326	4
413	305	4
418	324	4
423	303	4
428	321	4
433	322	4
438	334	4
443	300	4
448	324	4
453	335	4
458	307	4
463	323	4
467	335	4
472	325	4
477	319	4
482	320	4
487	310	4
492	337	4
497	318	4
502	295	4
507	338	4
512	322	4
517	324	4
522	301	4
527	313	4
532	332	4
537	329	4
542	338	4
547	293	4
552	311	4
557	280	4
562	310	4
567	337	4
572	314	4
577	332	4
582	329	4
587	319	4
592	330	4
597	338	4
601	324	4
606	323	4
611	307	4
616	313	4
621	301	4
626	312	4
631	316	4
636	322	4
641	290	4
646	336	4
651	309	4
656	314	4
661	289	4
666	296	4
671	319	4
676	303	4
681	312	4
686	308	4
691	315	4
696	313	4
701	300	4
706	315	4
711	304	4
716	309	4
721	306	4
726	304	4
730	281	4
70	306	4
75	268	4
80	303	4
85	306	4
90	324	4
95	323	4
100	349	4
105	305	4
110	341	4
115	327	4
120	308	4
125	307	4
130	287	4
135	323	4
140	304	4
145	309	4
150	346	4
155	317	4
160	310	4
165	320	4
170	333	4
175	315	4
180	313	4
185	295	4
190	287	4
195	316	4
200	264	4
204	311	4
209	312	4
214	307	4
219	338	4
224	306	4
229	302	4
234	319	4
239	314	4
244	314	4
249	303	4
254	324	4
259	314	4
264	299	4
269	311	4
274	328	4
279	301	4
284	308	4
289	309	4
294	322	4
299	297	4
304	308	4
309	314	4
314	300	4
319	322	4
324	296	4
329	314	4
334	324	4
338	314	4
343	312	4
348	308	4
353	325	4
358	316	4
363	345	4
368	303	4
373	301	4
378	318	4
383	306	4
388	316	4
393	311	4
398	318	4
403	310	4
408	308	4
413	313	4
418	302	4
423	319	4
428	319	4
433	337	4
438	337	4
443	325	4
448	306	4
453	316	4
458	310	4
463	309	4
467	321	4
472	298	4
477	312	4
482	304	4
487	307	4
492	308	4
497	302	4
502	306	4
507	299	4
512	322	4
517	310	4
522	292	4
527	308	4
532	330	4
537	325	4
542	316	4
547	317	4
552	323	4
557	306	4
562	305	4
567	319	4
572	346	4
577	306	4
582	324	4
587	308	4
592	309	4
597	331	4
601	314	4
606	302	4
611	306	4
616	277	4
621	321	4
626	301	4
631	325	4
636	326	4
641	306	4
646	312	4
651	304	4
656	301	4
661	320	4
666	283	4
671	286	4
676	306	4
681	299	4
686	307	4
691	312	4
696	333	4
701	313	4
706	297	4
711	305	4
716	310	4
721	307	4
726	308	4
730	296	4
70	302	4
75	252	4
80	331	4
85	315	4
90	310	4
95	295	4
100	226	4
105	295	4
110	287	4
115	322	4
120	316	4
125	291	4
130	295	4
135	324	4
140	264	4
145	315	4
150	316	4
155	337	4
160	331	4
165	309	4
170	333	4
175	331	4
180	317	4
185	257	4
190	311	4
195	319	4
200	276	4
204	324	4
209	324	4
214	313	4
219	330	4
224	297	4
229	300	4
234	330	4
239	317	4
244	323	4
249	302	4
254	307	4
259	254	4
264	300	4
269	330	4
274	229	4
279	333	4
284	320	4
289	342	4
294	324	4
299	332	4
304	340	4
309	333	4
314	308	4
319	255	4
324	331	4
329	338	4
334	349	4
338	305	4
343	312	4
348	328	4
353	346	4
358	326	4
363	322	4
368	310	4
373	354	4
378	282	4
383	324	4
388	311	4
393	328	4
398	327	4
403	329	4
408	328	4
413	313	4
418	329	4
423	360	4
428	317	4
433	335	4
438	342	4
443	330	4
448	327	4
453	326	4
458	323	4
463	323	4
467	323	4
472	363	4
477	298	4
482	335	4
487	355	4
492	327	4
497	334	4
502	289	4
507	353	4
512	320	4
517	319	4
522	316	4
527	322	4
532	340	4
537	342	4
542	296	4
547	293	4
552	327	4
557	252	4
562	309	4
567	341	4
572	227	4
577	339	4
582	340	4
587	319	4
592	336	4
597	319	4
601	311	4
606	305	4
611	310	4
616	310	4
621	225	4
626	322	4
631	340	4
636	305	4
641	303	4
646	328	4
651	281	4
656	305	4
661	297	4
666	299	4
671	270	4
676	307	4
681	293	4
686	313	4
691	323	4
696	295	4
701	306	4
706	288	4
711	308	4
716	332	4
721	312	4
726	336	4
730	309	4
70	288	4
75	300	4
80	323	4
85	295	4
90	311	4
95	312	4
100	308	4
105	325	4
110	271	4
115	302	4
120	305	4
125	296	4
130	290	4
135	311	4
140	308	4
145	311	4
150	296	4
155	295	4
160	300	4
165	308	4
170	321	4
175	314	4
180	318	4
185	335	4
190	297	4
195	318	4
200	311	4
204	332	4
209	319	4
214	311	4
219	312	4
224	306	4
229	340	4
234	317	4
239	314	4
244	296	4
249	295	4
254	314	4
259	318	4
264	310	4
269	320	4
274	314	4
279	304	4
284	308	4
289	316	4
294	299	4
299	320	4
304	311	4
309	314	4
314	300	4
319	315	4
324	318	4
329	345	4
334	325	4
338	314	4
343	301	4
348	338	4
353	334	4
358	327	4
363	338	4
368	325	4
373	312	4
378	316	4
383	299	4
388	298	4
393	331	4
398	325	4
403	315	4
408	329	4
413	323	4
418	309	4
423	330	4
428	358	4
433	306	4
438	314	4
443	295	4
448	333	4
453	325	4
458	286	4
463	306	4
467	309	4
472	325	4
477	314	4
482	319	4
487	326	4
492	320	4
497	317	4
502	273	4
507	322	4
512	286	4
517	326	4
522	334	4
527	307	4
532	336	4
537	340	4
542	324	4
547	287	4
552	310	4
557	307	4
562	293	4
567	250	4
572	296	4
577	258	4
582	290	4
587	290	4
592	323	4
597	279	4
601	301	4
606	283	4
611	279	4
616	299	4
621	293	4
626	277	4
631	275	4
636	286	4
641	307	4
646	337	4
651	299	4
656	295	4
661	297	4
666	258	4
671	278	4
676	286	4
681	280	4
686	303	4
691	291	4
696	262	4
701	279	4
706	302	4
711	284	4
716	318	4
721	288	4
726	308	4
730	283	4
70	304	4
75	308	4
80	310	4
85	301	4
90	300	4
95	312	4
100	270	4
105	319	4
110	297	4
115	301	4
120	276	4
125	299	4
130	264	4
135	293	4
140	299	4
145	348	4
150	298	4
155	329	4
160	308	4
165	308	4
170	311	4
175	298	4
180	317	4
185	328	4
190	302	4
195	320	4
200	319	4
204	277	4
209	315	4
214	283	4
219	304	4
224	297	4
229	314	4
234	317	4
239	310	4
244	298	4
249	316	4
254	324	4
259	299	4
264	299	4
269	332	4
274	310	4
279	302	4
284	298	4
289	285	4
294	296	4
299	309	4
304	305	4
309	311	4
314	309	4
319	321	4
324	350	4
329	361	4
334	335	4
338	326	4
343	294	4
348	314	4
353	320	4
358	315	4
363	280	4
368	303	4
373	303	4
378	309	4
383	297	4
388	293	4
393	328	4
398	318	4
403	319	4
408	326	4
413	290	4
418	308	4
423	322	4
428	306	4
433	284	4
438	367	4
443	317	4
448	316	4
453	302	4
458	297	4
463	321	4
467	298	4
472	318	4
477	306	4
482	318	4
487	345	4
492	306	4
497	328	4
502	287	4
507	304	4
512	271	4
517	315	4
522	328	4
527	307	4
532	331	4
537	328	4
542	355	4
547	295	4
552	306	4
557	293	4
562	312	4
567	317	4
572	295	4
577	295	4
582	318	4
587	290	4
592	295	4
597	305	4
601	305	4
606	289	4
611	304	4
616	319	4
621	268	4
626	292	4
631	274	4
636	291	4
641	291	4
646	316	4
651	288	4
656	297	4
661	329	4
666	283	4
671	284	4
676	309	4
681	280	4
686	289	4
691	308	4
696	282	4
701	292	4
706	327	4
711	308	4
716	313	4
721	274	4
726	324	4
730	281	4
