70	310	4
74	304	4
77	305	4
80	292	4
83	316	4
86	317	4
89	328	4
92	280	4
95	303	4
98	284	4
101	328	4
104	328	4
107	297	4
110	316	4
113	309	4
116	300	4
119	286	4
122	305	4
125	305	4
129	306	4
132	295	4
135	334	4
138	316	4
141	275	4
144	313	4
147	314	4
150	323	4
153	325	4
156	291	4
159	314	4
162	304	4
165	316	4
168	314	4
171	312	4
174	326	4
177	309	4
180	311	4
184	314	4
187	306	4
190	311	4
193	306	4
196	317	4
199	296	4
202	317	4
205	291	4
208	263	4
211	311	4
214	312	4
217	312	4
220	308	4
223	303	4
226	295	4
229	309	4
232	296	4
235	317	4
239	314	4
242	305	4
245	292	4
248	289	4
251	292	4
254	316	4
257	303	4
260	274	4
263	301	4
266	318	4
269	301	4
272	303	4
275	288	4
278	290	4
281	313	4
284	302	4
287	308	4
290	292	4
294	271	4
297	294	4
300	297	4
303	307	4
306	320	4
309	284	4
312	319	4
315	324	4
318	299	4
321	244	4
324	293	4
327	341	4
330	322	4
333	318	4
336	311	4
339	331	4
342	319	4
345	295	4
349	319	4
352	304	4
355	319	4
358	320	4
361	333	4
364	334	4
367	317	4
370	316	4
373	304	4
376	320	4
379	300	4
382	301	4
385	334	4
388	295	4
391	315	4
394	315	4
397	330	4
400	311	4
404	313	4
407	307	4
410	299	4
413	305	4
416	305	4
419	299	4
422	324	4
425	320	4
428	286	4
431	335	4
434	308	4
437	334	4
440	316	4
443	296	4
446	324	4
449	304	4
452	318	4
455	326	4
459	325	4
462	307	4
465	321	4
468	307	4
471	304	4
474	321	4
477	304	4
480	292	4
483	334	4
486	307	4
489	322	4
492	302	4
495	305	4
498	306	4
501	314	4
504	318	4
507	299	4
510	320	4
514	325	4
517	295	4
520	316	4
523	306	4
526	305	4
529	315	4
532	308	4
535	294	4
538	312	4
541	301	4
544	312	4
547	300	4
550	320	4
553	312	4
556	312	4
559	318	4
562	307	4
565	308	4
569	311	4
572	301	4
575	317	4
578	295	4
581	294	4
584	304	4
587	307	4
590	279	4
593	295	4
596	318	4
599	304	4
602	301	4
605	306	4
608	301	4
611	304	4
614	291	4
617	314	4
620	301	4
624	310	4
627	254	4
630	329	4
633	321	4
636	302	4
639	298	4
642	313	4
645	296	4
648	299	4
651	309	4
654	293	4
657	301	4
660	283	4
663	301	4
666	321	4
669	280	4
672	290	4
675	302	4
679	306	4
682	294	4
685	286	4
688	293	4
691	312	4
694	296	4
697	294	4
700	300	4
703	318	4
706	313	4
709	308	4
712	326	4
715	316	4
718	302	4
721	300	4
724	304	4
727	315	4
730	305	4
