70	324	4
74	261	4
78	314	4
82	296	4
85	312	4
89	270	4
93	273	4
97	318	4
100	291	4
104	322	4
108	280	4
112	314	4
115	313	4
119	296	4
123	319	4
127	308	4
130	270	4
134	281	4
138	299	4
142	302	4
145	285	4
149	290	4
153	299	4
157	278	4
160	301	4
164	307	4
168	291	4
172	295	4
175	311	4
179	288	4
183	303	4
187	282	4
190	335	4
194	320	4
198	311	4
202	334	4
205	305	4
209	317	4
213	306	4
217	306	4
220	308	4
224	315	4
228	341	4
232	312	4
235	321	4
239	341	4
243	341	4
247	329	4
250	300	4
254	339	4
258	341	4
262	331	4
265	321	4
269	332	4
273	340	4
277	327	4
280	294	4
284	339	4
288	325	4
292	294	4
295	303	4
299	328	4
303	312	4
307	328	4
310	335	4
314	347	4
318	326	4
322	313	4
325	301	4
329	316	4
333	295	4
337	330	4
341	329	4
344	321	4
348	339	4
352	327	4
355	288	4
359	310	4
363	326	4
367	331	4
370	309	4
374	326	4
378	310	4
382	312	4
385	322	4
389	338	4
393	317	4
397	347	4
400	312	4
404	336	4
408	306	4
412	318	4
415	336	4
419	301	4
423	311	4
427	332	4
430	348	4
434	321	4
438	325	4
442	338	4
445	314	4
449	308	4
453	320	4
457	335	4
460	340	4
464	316	4
468	375	4
472	309	4
475	305	4
479	286	4
483	346	4
487	302	4
490	297	4
494	322	4
498	301	4
502	305	4
505	311	4
509	311	4
513	314	4
517	318	4
520	319	4
524	320	4
528	299	4
532	324	4
535	298	4
539	315	4
543	302	4
547	288	4
550	303	4
554	329	4
558	331	4
562	316	4
565	344	4
569	338	4
573	310	4
577	289	4
580	301	4
584	295	4
588	307	4
592	305	4
595	294	4
599	299	4
603	328	4
607	329	4
610	309	4
614	326	4
618	314	4
622	305	4
625	304	4
629	330	4
633	311	4
637	336	4
640	327	4
644	309	4
648	335	4
652	319	4
655	322	4
659	288	4
663	306	4
667	334	4
670	315	4
674	281	4
678	313	4
682	322	4
685	313	4
689	340	4
693	323	4
697	301	4
700	333	4
704	310	4
708	319	4
712	332	4
715	318	4
719	316	4
723	319	4
727	307	4
730	331	4
