70	313	4
75	308	4
80	299	4
84	304	4
89	312	4
93	315	4
98	346	4
103	321	4
107	296	4
112	305	4
116	313	4
121	295	4
125	290	4
130	281	4
135	316	4
139	293	4
144	304	4
148	306	4
153	292	4
158	296	4
162	324	4
167	317	4
171	321	4
176	273	4
180	317	4
185	293	4
190	288	4
194	300	4
199	289	4
203	300	4
208	302	4
213	290	4
217	300	4
222	308	4
226	314	4
231	294	4
235	324	4
240	306	4
245	315	4
249	292	4
254	314	4
258	306	4
263	300	4
268	319	4
272	321	4
277	319	4
281	305	4
286	319	4
290	333	4
295	313	4
300	319	4
304	311	4
309	326	4
313	328	4
318	346	4
323	320	4
327	333	4
332	326	4
336	303	4
341	298	4
345	324	4
350	301	4
355	310	4
359	305	4
364	296	4
368	292	4
373	301	4
378	311	4
382	298	4
387	317	4
391	305	4
396	321	4
400	316	4
405	312	4
410	309	4
414	322	4
419	311	4
423	271	4
428	328	4
433	314	4
437	306	4
442	340	4
446	306	4
451	321	4
455	312	4
460	346	4
465	331	4
469	302	4
474	299	4
478	291	4
483	325	4
488	330	4
492	327	4
497	323	4
501	306	4
506	284	4
510	326	4
515	298	4
520	319	4
524	320	4
529	314	4
533	300	4
538	310	4
543	309	4
547	308	4
552	314	4
556	325	4
561	307	4
565	304	4
570	304	4
575	290	4
579	305	4
584	280	4
588	297	4
593	303	4
598	305	4
602	313	4
607	310	4
611	306	4
616	309	4
620	282	4
625	337	4
630	334	4
634	317	4
639	301	4
643	292	4
648	316	4
653	304	4
657	308	4
662	322	4
666	322	4
671	306	4
675	293	4
680	313	4
685	304	4
689	301	4
694	314	4
698	297	4
703	306	4
708	317	4
712	308	4
717	300	4
721	331	4
726	307	4
730	302	4
70	304	4
75	319	4
80	303	4
84	326	4
89	309	4
93	302	4
98	358	4
103	295	4
107	301	4
112	312	4
116	310	4
121	291	4
125	284	4
130	337	4
135	301	4
139	310	4
144	306	4
148	311	4
153	297	4
158	301	4
162	307	4
167	307	4
171	306	4
176	305	4
180	284	4
185	317	4
190	304	4
194	272	4
199	298	4
203	281	4
208	301	4
213	276	4
217	307	4
222	305	4
226	302	4
231	274	4
235	313	4
240	304	4
245	288	4
249	292	4
254	280	4
258	285	4
263	293	4
268	306	4
272	282	4
277	297	4
281	292	4
286	276	4
290	290	4
295	286	4
300	284	4
304	278	4
309	309	4
313	281	4
318	296	4
323	307	4
327	292	4
332	309	4
336	272	4
341	296	4
345	283	4
350	297	4
355	304	4
359	296	4
364	288	4
368	295	4
373	279	4
378	320	4
382	308	4
387	333	4
391	328	4
396	304	4
400	302	4
405	312	4
410	313	4
414	295	4
419	309	4
423	311	4
428	309	4
433	306	4
437	323	4
442	308	4
446	300	4
451	308	4
455	317	4
460	327	4
465	316	4
469	322	4
474	307	4
478	314	4
483	335	4
488	300	4
492	301	4
497	314	4
501	296	4
506	295	4
510	311	4
515	302	4
520	298	4
524	305	4
529	310	4
533	304	4
538	306	4
543	299	4
547	315	4
552	334	4
556	330	4
561	346	4
565	309	4
570	312	4
575	298	4
579	308	4
584	305	4
588	304	4
593	305	4
598	314	4
602	302	4
607	263	4
611	310	4
616	319	4
620	292	4
625	356	4
630	317	4
634	318	4
639	304	4
643	303	4
648	312	4
653	345	4
657	308	4
662	308	4
666	305	4
671	311	4
675	297	4
680	312	4
685	300	4
689	309	4
694	299	4
698	298	4
703	299	4
708	306	4
712	317	4
717	289	4
721	296	4
726	306	4
730	289	4
70	295	4
75	327	4
80	238	4
84	318	4
89	321	4
93	308	4
98	319	4
103	274	4
107	307	4
112	270	4
116	320	4
121	272	4
125	293	4
130	175	4
135	302	4
139	300	4
144	314	4
148	326	4
153	347	4
158	274	4
162	330	4
167	280	4
171	301	4
176	273	4
180	304	4
185	283	4
190	322	4
194	314	4
199	300	4
203	337	4
208	323	4
213	322	4
217	245	4
222	297	4
226	319	4
231	257	4
235	273	4
240	308	4
245	311	4
249	282	4
254	333	4
258	271	4
263	330	4
268	290	4
272	307	4
277	309	4
281	331	4
286	330	4
290	349	4
295	308	4
300	317	4
304	310	4
309	297	4
313	342	4
318	345	4
323	333	4
327	331	4
332	312	4
336	290	4
341	334	4
345	298	4
350	302	4
355	318	4
359	322	4
364	312	4
368	304	4
373	300	4
378	317	4
382	345	4
387	270	4
391	294	4
396	322	4
400	319	4
405	302	4
410	269	4
414	321	4
419	221	4
423	300	4
428	334	4
433	278	4
437	323	4
442	285	4
446	305	4
451	325	4
455	287	4
460	346	4
465	332	4
469	300	4
474	290	4
478	310	4
483	243	4
488	320	4
492	315	4
497	290	4
501	318	4
506	307	4
510	313	4
515	204	4
520	293	4
524	326	4
529	305	4
533	313	4
538	272	4
543	304	4
547	296	4
552	325	4
556	330	4
561	283	4
565	308	4
570	303	4
575	248	4
579	314	4
584	297	4
588	295	4
593	321	4
598	322	4
602	266	4
607	306	4
611	262	4
616	322	4
620	285	4
625	297	4
630	344	4
634	223	4
639	290	4
643	299	4
648	333	4
653	360	4
657	306	4
662	312	4
666	308	4
671	271	4
675	300	4
680	317	4
685	302	4
689	304	4
694	276	4
698	300	4
703	303	4
708	300	4
712	257	4
717	279	4
721	295	4
726	315	4
730	303	4
70	298	4
75	308	4
80	295	4
84	293	4
89	302	4
93	292	4
98	310	4
103	309	4
107	291	4
112	281	4
116	308	4
121	287	4
125	285	4
130	308	4
135	296	4
139	297	4
144	287	4
148	296	4
153	310	4
158	308	4
162	286	4
167	299	4
171	307	4
176	292	4
180	324	4
185	300	4
190	301	4
194	320	4
199	302	4
203	322	4
208	293	4
213	327	4
217	284	4
222	313	4
226	321	4
231	303	4
235	322	4
240	292	4
245	297	4
249	291	4
254	305	4
258	310	4
263	294	4
268	306	4
272	292	4
277	302	4
281	314	4
286	298	4
290	319	4
295	261	4
300	328	4
304	298	4
309	297	4
313	305	4
318	301	4
323	303	4
327	318	4
332	298	4
336	280	4
341	296	4
345	309	4
350	302	4
355	288	4
359	301	4
364	311	4
368	295	4
373	305	4
378	281	4
382	309	4
387	311	4
391	315	4
396	308	4
400	308	4
405	318	4
410	314	4
414	338	4
419	337	4
423	299	4
428	338	4
433	329	4
437	296	4
442	327	4
446	308	4
451	319	4
455	305	4
460	345	4
465	325	4
469	319	4
474	311	4
478	293	4
483	327	4
488	329	4
492	317	4
497	327	4
501	288	4
506	300	4
510	300	4
515	292	4
520	310	4
524	325	4
529	291	4
533	307	4
538	310	4
543	313	4
547	302	4
552	320	4
556	318	4
561	284	4
565	321	4
570	276	4
575	276	4
579	305	4
584	302	4
588	311	4
593	310	4
598	315	4
602	301	4
607	316	4
611	304	4
616	301	4
620	323	4
625	325	4
630	349	4
634	310	4
639	303	4
643	292	4
648	319	4
653	352	4
657	318	4
662	309	4
666	300	4
671	302	4
675	293	4
680	317	4
685	302	4
689	292	4
694	291	4
698	315	4
703	297	4
708	304	4
712	293	4
717	302	4
721	312	4
726	289	4
730	307	4
70	309	4
75	358	4
80	295	4
84	307	4
89	315	4
93	307	4
98	313	4
103	326	4
107	313	4
112	330	4
116	302	4
121	299	4
125	282	4
130	336	4
135	317	4
139	294	4
144	322	4
148	304	4
153	313	4
158	304	4
162	331	4
167	301	4
171	308	4
176	309	4
180	294	4
185	282	4
190	266	4
194	334	4
199	304	4
203	308	4
208	321	4
213	276	4
217	308	4
222	307	4
226	308	4
231	318	4
235	332	4
240	310	4
245	296	4
249	309	4
254	336	4
258	285	4
263	316	4
268	318	4
272	318	4
277	327	4
281	339	4
286	311	4
290	321	4
295	317	4
300	333	4
304	315	4
309	308	4
313	313	4
318	301	4
323	289	4
327	316	4
332	305	4
336	311	4
341	311	4
345	328	4
350	306	4
355	311	4
359	295	4
364	304	4
368	304	4
373	325	4
378	311	4
382	300	4
387	282	4
391	297	4
396	321	4
400	325	4
405	321	4
410	310	4
414	327	4
419	285	4
423	342	4
428	320	4
433	347	4
437	312	4
442	322	4
446	294	4
451	331	4
455	321	4
460	341	4
465	325	4
469	319	4
474	284	4
478	304	4
483	327	4
488	316	4
492	309	4
497	327	4
501	300	4
506	289	4
510	320	4
515	284	4
520	318	4
524	319	4
529	308	4
533	295	4
538	312	4
543	314	4
547	324	4
552	321	4
556	316	4
561	256	4
565	273	4
570	294	4
575	269	4
579	311	4
584	300	4
588	308	4
593	312	4
598	343	4
602	304	4
607	291	4
611	321	4
616	312	4
620	313	4
625	339	4
630	323	4
634	306	4
639	309	4
643	331	4
648	348	4
653	364	4
657	327	4
662	329	4
666	313	4
671	305	4
675	285	4
680	302	4
685	297	4
689	319	4
694	284	4
698	338	4
703	298	4
708	304	4
712	315	4
717	301	4
721	337	4
726	285	4
730	295	4
