70	309	4
75	358	4
80	295	4
84	307	4
89	315	4
93	307	4
98	313	4
103	326	4
107	313	4
112	330	4
116	302	4
121	299	4
125	282	4
130	336	4
135	317	4
139	294	4
144	322	4
148	304	4
153	313	4
158	304	4
162	331	4
167	301	4
171	308	4
176	309	4
180	294	4
185	282	4
190	266	4
194	334	4
199	304	4
203	308	4
208	321	4
213	276	4
217	308	4
222	307	4
226	308	4
231	318	4
235	332	4
240	310	4
245	296	4
249	309	4
254	336	4
258	285	4
263	316	4
268	318	4
272	318	4
277	327	4
281	339	4
286	311	4
290	321	4
295	317	4
300	333	4
304	315	4
309	308	4
313	313	4
318	301	4
323	289	4
327	316	4
332	305	4
336	311	4
341	311	4
345	328	4
350	306	4
355	311	4
359	295	4
364	304	4
368	304	4
373	325	4
378	311	4
382	300	4
387	282	4
391	297	4
396	321	4
400	325	4
405	321	4
410	310	4
414	327	4
419	285	4
423	342	4
428	320	4
433	347	4
437	312	4
442	322	4
446	294	4
451	331	4
455	321	4
460	341	4
465	325	4
469	319	4
474	284	4
478	304	4
483	327	4
488	316	4
492	309	4
497	327	4
501	300	4
506	289	4
510	320	4
515	284	4
520	318	4
524	319	4
529	308	4
533	295	4
538	312	4
543	314	4
547	324	4
552	321	4
556	316	4
561	256	4
565	273	4
570	294	4
575	269	4
579	311	4
584	300	4
588	308	4
593	312	4
598	343	4
602	304	4
607	291	4
611	321	4
616	312	4
620	313	4
625	339	4
630	323	4
634	306	4
639	309	4
643	331	4
648	348	4
653	364	4
657	327	4
662	329	4
666	313	4
671	305	4
675	285	4
680	302	4
685	297	4
689	319	4
694	284	4
698	338	4
703	298	4
708	304	4
712	315	4
717	301	4
721	337	4
726	285	4
730	295	4
