70	303	4
75	316	4
80	327	4
84	326	4
89	298	4
93	320	4
98	307	4
103	325	4
107	311	4
112	298	4
116	313	4
121	321	4
125	310	4
130	285	4
135	299	4
139	308	4
144	302	4
148	313	4
153	333	4
158	316	4
162	358	4
167	324	4
171	333	4
176	328	4
180	327	4
185	305	4
190	330	4
194	319	4
199	337	4
203	323	4
208	297	4
213	350	4
217	330	4
222	321	4
226	302	4
231	318	4
235	316	4
240	342	4
245	300	4
249	262	4
254	316	4
258	331	4
263	278	4
268	313	4
272	311	4
277	319	4
281	304	4
286	309	4
290	302	4
295	331	4
300	334	4
304	318	4
309	270	4
313	297	4
318	342	4
323	314	4
327	320	4
332	345	4
336	330	4
341	298	4
345	316	4
350	312	4
355	342	4
359	295	4
364	312	4
368	292	4
373	314	4
378	307	4
382	316	4
387	282	4
391	340	4
396	297	4
400	312	4
405	288	4
410	305	4
414	306	4
419	324	4
423	333	4
428	331	4
433	309	4
437	322	4
442	320	4
446	322	4
451	324	4
455	317	4
460	311	4
465	311	4
469	322	4
474	301	4
478	342	4
483	314	4
488	306	4
492	308	4
497	285	4
501	301	4
506	313	4
510	284	4
515	318	4
520	287	4
524	306	4
529	290	4
533	311	4
538	304	4
543	317	4
547	315	4
552	330	4
556	312	4
561	331	4
565	307	4
570	320	4
575	310	4
579	311	4
584	313	4
588	320	4
593	311	4
598	344	4
602	293	4
607	296	4
611	292	4
616	312	4
620	324	4
625	310	4
630	330	4
634	309	4
639	288	4
643	271	4
648	302	4
653	324	4
657	324	4
662	331	4
666	317	4
671	312	4
675	309	4
680	309	4
685	314	4
689	326	4
694	312	4
698	320	4
703	306	4
708	309	4
712	307	4
717	315	4
721	334	4
726	298	4
730	336	4
