70	310	4
73	345	4
76	323	4
79	298	4
82	302	4
85	352	4
88	326	4
90	314	4
93	306	4
96	330	4
99	298	4
102	320	4
105	321	4
107	314	4
110	310	4
113	344	4
116	319	4
119	308	4
122	338	4
125	314	4
127	318	4
130	292	4
133	346	4
136	316	4
139	310	4
142	320	4
144	273	4
147	299	4
150	337	4
153	329	4
156	361	4
159	290	4
161	346	4
164	313	4
167	317	4
170	298	4
173	303	4
176	309	4
179	323	4
181	303	4
184	317	4
187	340	4
190	307	4
193	318	4
196	324	4
198	311	4
201	293	4
204	298	4
207	313	4
210	289	4
213	317	4
215	300	4
218	321	4
221	320	4
224	318	4
227	298	4
230	296	4
233	326	4
235	316	4
238	284	4
241	301	4
244	324	4
247	340	4
250	311	4
252	320	4
255	329	4
258	327	4
261	338	4
264	307	4
267	325	4
269	315	4
272	297	4
275	328	4
278	300	4
281	303	4
284	324	4
287	294	4
289	321	4
292	315	4
295	321	4
298	305	4
301	294	4
304	296	4
306	309	4
309	340	4
312	309	4
315	310	4
318	321	4
321	304	4
323	318	4
326	285	4
329	315	4
332	318	4
335	323	4
338	291	4
341	336	4
343	298	4
346	298	4
349	360	4
352	323	4
355	296	4
358	298	4
360	298	4
363	301	4
366	320	4
369	301	4
372	318	4
375	328	4
377	314	4
380	330	4
383	321	4
386	323	4
389	314	4
392	322	4
395	276	4
397	305	4
400	326	4
403	325	4
406	304	4
409	301	4
412	308	4
414	312	4
417	315	4
420	336	4
423	318	4
426	315	4
429	319	4
431	320	4
434	310	4
437	335	4
440	335	4
443	345	4
446	322	4
449	317	4
451	317	4
454	323	4
457	313	4
460	347	4
463	325	4
466	311	4
468	300	4
471	314	4
474	311	4
477	305	4
480	308	4
483	324	4
485	319	4
488	331	4
491	289	4
494	337	4
497	331	4
500	308	4
503	318	4
505	314	4
508	294	4
511	319	4
514	316	4
517	293	4
520	322	4
522	329	4
525	316	4
528	321	4
531	291	4
534	294	4
537	319	4
539	300	4
542	326	4
545	301	4
548	305	4
551	315	4
554	319	4
557	320	4
559	325	4
562	318	4
565	330	4
568	317	4
571	299	4
574	304	4
576	331	4
579	312	4
582	318	4
585	332	4
588	302	4
591	318	4
593	319	4
596	316	4
599	295	4
602	305	4
605	320	4
608	317	4
611	293	4
613	311	4
616	286	4
619	308	4
622	323	4
625	314	4
628	310	4
630	304	4
633	329	4
636	320	4
639	309	4
642	316	4
645	329	4
647	335	4
650	299	4
653	307	4
656	316	4
659	318	4
662	295	4
665	303	4
667	295	4
670	302	4
673	294	4
676	309	4
679	292	4
682	294	4
684	309	4
687	271	4
690	310	4
693	300	4
696	300	4
699	292	4
701	301	4
704	321	4
707	310	4
710	305	4
713	326	4
716	283	4
719	306	4
721	269	4
724	308	4
727	313	4
730	297	4
733	286	4
736	320	4
738	302	4
741	306	4
744	305	4
747	309	4
750	309	4
753	305	4
755	315	4
758	295	4
761	322	4
764	308	4
767	300	4
770	307	4
773	289	4
775	296	4
778	314	4
781	291	4
784	328	4
787	316	4
790	314	4
792	301	4
795	314	4
798	291	4
801	312	4
804	326	4
807	309	4
809	288	4
812	300	4
815	329	4
818	322	4
821	327	4
824	304	4
827	299	4
829	297	4
832	307	4
835	303	4
838	295	4
841	302	4
844	295	4
846	304	4
849	289	4
852	325	4
855	291	4
858	306	4
861	307	4
863	305	4
866	328	4
869	334	4
872	286	4
875	319	4
878	297	4
881	305	4
883	282	4
886	315	4
889	303	4
892	291	4
895	316	4
898	313	4
900	313	4
903	326	4
906	304	4
909	322	4
912	303	4
915	315	4
917	308	4
