70	309	4
73	309	4
76	305	4
79	304	4
82	282	4
85	297	4
88	292	4
91	305	4
94	301	4
96	306	4
99	303	4
102	305	4
105	302	4
108	302	4
111	297	4
114	295	4
117	299	4
119	298	4
122	292	4
125	291	4
128	305	4
131	312	4
134	304	4
137	317	4
140	284	4
143	298	4
145	287	4
148	287	4
151	290	4
154	296	4
157	278	4
160	302	4
163	242	4
166	303	4
168	277	4
171	288	4
174	295	4
177	309	4
180	311	4
183	279	4
186	293	4
189	290	4
192	281	4
194	315	4
197	282	4
200	285	4
203	289	4
206	295	4
209	300	4
212	289	4
215	301	4
217	276	4
220	303	4
223	293	4
226	298	4
229	294	4
232	309	4
235	301	4
238	290	4
241	294	4
243	319	4
246	289	4
249	289	4
252	283	4
255	297	4
258	297	4
261	273	4
264	298	4
266	307	4
269	321	4
272	305	4
275	279	4
278	289	4
281	296	4
284	328	4
287	278	4
290	297	4
292	292	4
295	292	4
298	303	4
301	284	4
304	278	4
307	296	4
310	329	4
313	304	4
315	285	4
318	276	4
321	287	4
324	296	4
327	308	4
330	296	4
333	314	4
336	292	4
339	286	4
341	292	4
344	280	4
347	298	4
350	303	4
353	302	4
356	312	4
359	322	4
362	305	4
364	289	4
367	285	4
370	311	4
373	285	4
376	310	4
379	293	4
382	292	4
385	299	4
388	320	4
390	282	4
393	281	4
396	316	4
399	305	4
402	311	4
405	302	4
408	293	4
411	284	4
413	269	4
416	308	4
419	295	4
422	295	4
425	295	4
428	287	4
431	324	4
434	307	4
437	321	4
439	277	4
442	309	4
445	297	4
448	284	4
451	291	4
454	294	4
457	278	4
460	299	4
462	303	4
465	324	4
468	300	4
471	303	4
474	310	4
477	305	4
480	299	4
483	296	4
486	276	4
488	290	4
491	317	4
494	281	4
497	304	4
500	284	4
503	282	4
506	310	4
509	298	4
511	277	4
514	286	4
517	294	4
520	303	4
523	310	4
526	282	4
529	288	4
532	284	4
535	294	4
537	311	4
540	271	4
543	285	4
546	304	4
549	277	4
552	286	4
555	292	4
558	308	4
560	279	4
563	310	4
566	291	4
569	297	4
572	247	4
575	304	4
578	297	4
581	306	4
584	293	4
586	272	4
589	294	4
592	340	4
595	279	4
598	307	4
601	293	4
604	290	4
607	301	4
609	300	4
612	288	4
615	306	4
618	288	4
621	296	4
624	291	4
627	296	4
630	312	4
633	307	4
635	300	4
638	288	4
641	287	4
644	282	4
647	277	4
650	284	4
653	274	4
656	285	4
658	313	4
661	313	4
664	294	4
667	285	4
670	295	4
673	329	4
676	297	4
679	289	4
682	300	4
684	302	4
687	292	4
690	252	4
693	282	4
696	307	4
699	308	4
702	283	4
705	290	4
707	287	4
710	300	4
713	317	4
716	290	4
719	322	4
722	291	4
725	261	4
728	298	4
730	296	4
