70	319	4
74	294	4
78	322	4
81	319	4
85	298	4
88	309	4
92	303	4
95	319	4
99	311	4
102	294	4
106	305	4
109	301	4
113	304	4
116	320	4
120	297	4
123	317	4
127	309	4
130	322	4
134	307	4
138	314	4
141	313	4
145	340	4
148	309	4
152	300	4
155	320	4
159	292	4
162	306	4
166	289	4
169	308	4
173	297	4
176	304	4
180	284	4
183	313	4
187	315	4
190	289	4
194	320	4
198	315	4
201	299	4
205	315	4
208	311	4
212	313	4
215	312	4
219	298	4
222	308	4
226	306	4
229	311	4
233	315	4
236	312	4
240	320	4
243	306	4
247	312	4
250	319	4
254	302	4
258	333	4
261	314	4
265	304	4
268	308	4
272	320	4
275	305	4
279	321	4
282	312	4
286	309	4
289	320	4
293	313	4
296	313	4
300	317	4
303	304	4
307	315	4
310	308	4
314	317	4
318	301	4
321	300	4
325	324	4
328	312	4
332	285	4
335	329	4
339	320	4
342	273	4
346	319	4
349	315	4
353	319	4
356	323	4
360	324	4
363	312	4
367	304	4
370	326	4
374	320	4
378	336	4
381	318	4
385	246	4
388	287	4
392	319	4
395	306	4
399	291	4
402	308	4
406	307	4
409	309	4
413	294	4
416	324	4
420	304	4
423	324	4
427	319	4
430	324	4
434	327	4
438	302	4
441	320	4
445	307	4
448	289	4
452	307	4
455	323	4
459	305	4
462	316	4
466	297	4
469	306	4
473	325	4
476	279	4
480	317	4
483	319	4
487	325	4
490	312	4
494	326	4
498	296	4
501	267	4
505	316	4
508	328	4
512	322	4
515	310	4
519	320	4
522	315	4
526	319	4
529	317	4
533	267	4
536	312	4
540	304	4
543	328	4
547	321	4
550	319	4
554	314	4
558	316	4
561	290	4
565	321	4
568	299	4
572	293	4
575	306	4
579	319	4
582	323	4
586	307	4
589	310	4
593	312	4
596	317	4
600	312	4
603	321	4
607	292	4
610	315	4
614	322	4
618	316	4
621	282	4
625	301	4
628	326	4
632	308	4
635	319	4
639	326	4
642	278	4
646	313	4
649	278	4
653	338	4
656	313	4
660	317	4
663	285	4
667	304	4
670	313	4
674	313	4
678	305	4
681	305	4
685	315	4
688	319	4
692	307	4
695	300	4
699	281	4
702	294	4
706	320	4
709	297	4
713	328	4
716	309	4
720	319	4
723	314	4
727	304	4
730	314	4
