70	273	4
74	297	4
77	324	4
80	317	4
83	296	4
86	308	4
89	323	4
92	298	4
95	309	4
98	290	4
101	290	4
104	279	4
107	288	4
110	299	4
113	255	4
116	307	4
119	301	4
122	303	4
125	322	4
128	323	4
131	311	4
134	302	4
137	315	4
140	320	4
143	329	4
146	320	4
149	321	4
152	285	4
155	283	4
158	314	4
161	291	4
164	318	4
167	300	4
170	359	4
173	311	4
176	356	4
179	320	4
183	316	4
186	335	4
189	329	4
192	334	4
195	358	4
198	377	4
201	284	4
204	345	4
207	315	4
210	311	4
213	329	4
216	335	4
219	313	4
222	323	4
225	343	4
228	319	4
231	310	4
234	304	4
237	325	4
240	318	4
243	342	4
246	312	4
249	294	4
252	328	4
255	304	4
258	312	4
261	333	4
264	298	4
267	327	4
270	312	4
273	339	4
276	301	4
279	305	4
282	302	4
285	280	4
288	299	4
292	316	4
295	324	4
298	310	4
301	286	4
304	322	4
307	352	4
310	320	4
313	313	4
316	319	4
319	324	4
322	327	4
325	320	4
328	288	4
331	301	4
334	306	4
337	328	4
340	268	4
343	290	4
346	296	4
349	326	4
352	313	4
355	327	4
358	299	4
361	305	4
364	310	4
367	299	4
370	325	4
373	320	4
376	349	4
379	330	4
382	295	4
385	313	4
388	314	4
391	303	4
394	315	4
397	317	4
400	322	4
404	300	4
407	322	4
410	303	4
413	296	4
416	317	4
419	295	4
422	326	4
425	288	4
428	326	4
431	310	4
434	306	4
437	312	4
440	317	4
443	325	4
446	324	4
449	326	4
452	343	4
455	335	4
458	333	4
461	302	4
464	311	4
467	316	4
470	305	4
473	319	4
476	282	4
479	297	4
482	329	4
485	337	4
488	314	4
491	321	4
494	340	4
497	313	4
500	340	4
503	324	4
506	335	4
509	309	4
513	317	4
516	334	4
519	327	4
522	298	4
525	329	4
528	332	4
531	316	4
534	331	4
537	326	4
540	309	4
543	315	4
546	310	4
549	313	4
552	326	4
555	295	4
558	315	4
561	281	4
564	319	4
567	346	4
570	328	4
573	299	4
576	307	4
579	297	4
582	318	4
585	295	4
588	283	4
591	302	4
594	303	4
597	314	4
600	290	4
603	309	4
606	300	4
609	303	4
612	292	4
615	310	4
618	306	4
622	302	4
625	315	4
628	330	4
631	322	4
634	327	4
637	329	4
640	321	4
643	314	4
646	316	4
649	328	4
652	318	4
655	304	4
658	302	4
661	341	4
664	327	4
667	314	4
670	326	4
673	318	4
676	297	4
679	300	4
682	309	4
685	300	4
688	327	4
691	308	4
694	301	4
697	313	4
700	328	4
703	295	4
706	320	4
709	313	4
712	308	4
715	315	4
718	328	4
721	325	4
724	294	4
727	298	4
730	328	4
70	327	4
74	299	4
77	323	4
80	293	4
83	311	4
86	309	4
89	327	4
92	315	4
95	301	4
98	315	4
101	304	4
104	324	4
107	279	4
110	314	4
113	313	4
116	324	4
119	324	4
122	316	4
125	337	4
128	305	4
131	298	4
134	293	4
137	319	4
140	299	4
143	312	4
146	308	4
149	315	4
152	303	4
155	315	4
158	315	4
161	313	4
164	295	4
167	279	4
170	318	4
173	304	4
176	294	4
179	292	4
183	325	4
186	313	4
189	334	4
192	323	4
195	314	4
198	338	4
201	315	4
204	312	4
207	309	4
210	291	4
213	274	4
216	320	4
219	317	4
222	324	4
225	309	4
228	314	4
231	310	4
234	306	4
237	323	4
240	309	4
243	305	4
246	320	4
249	301	4
252	312	4
255	301	4
258	298	4
261	310	4
264	307	4
267	297	4
270	320	4
273	313	4
276	306	4
279	307	4
282	293	4
285	304	4
288	318	4
292	314	4
295	302	4
298	318	4
301	306	4
304	290	4
307	310	4
310	306	4
313	312	4
316	310	4
319	312	4
322	320	4
325	313	4
328	302	4
331	292	4
334	308	4
337	300	4
340	308	4
343	308	4
346	322	4
349	292	4
352	324	4
355	320	4
358	324	4
361	280	4
364	302	4
367	329	4
370	311	4
373	303	4
376	299	4
379	303	4
382	308	4
385	303	4
388	302	4
391	301	4
394	337	4
397	309	4
400	291	4
404	308	4
407	314	4
410	321	4
413	302	4
416	304	4
419	310	4
422	327	4
425	314	4
428	306	4
431	274	4
434	267	4
437	328	4
440	311	4
443	301	4
446	308	4
449	319	4
452	303	4
455	306	4
458	313	4
461	310	4
464	318	4
467	308	4
470	307	4
473	311	4
476	329	4
479	319	4
482	313	4
485	312	4
488	313	4
491	300	4
494	314	4
497	327	4
500	334	4
503	308	4
506	300	4
509	325	4
513	352	4
516	305	4
519	333	4
522	294	4
525	325	4
528	321	4
531	296	4
534	307	4
537	311	4
540	287	4
543	318	4
546	321	4
549	316	4
552	303	4
555	326	4
558	318	4
561	312	4
564	324	4
567	308	4
570	305	4
573	303	4
576	307	4
579	310	4
582	291	4
585	315	4
588	278	4
591	306	4
594	319	4
597	293	4
600	290	4
603	330	4
606	314	4
609	304	4
612	310	4
615	312	4
618	310	4
622	289	4
625	315	4
628	301	4
631	275	4
634	319	4
637	323	4
640	297	4
643	305	4
646	313	4
649	338	4
652	306	4
655	312	4
658	307	4
661	315	4
664	298	4
667	306	4
670	315	4
673	317	4
676	311	4
679	314	4
682	307	4
685	305	4
688	276	4
691	298	4
694	302	4
697	321	4
700	308	4
703	296	4
706	301	4
709	311	4
712	304	4
715	295	4
718	313	4
721	309	4
724	322	4
727	297	4
730	316	4
70	332	4
74	310	4
77	328	4
80	311	4
83	318	4
86	341	4
89	309	4
92	343	4
95	326	4
98	333	4
101	321	4
104	306	4
107	250	4
110	334	4
113	282	4
116	281	4
119	336	4
122	306	4
125	351	4
128	314	4
131	317	4
134	320	4
137	311	4
140	313	4
143	248	4
146	327	4
149	340	4
152	298	4
155	255	4
158	307	4
161	335	4
164	327	4
167	207	4
170	329	4
173	296	4
176	310	4
179	299	4
183	331	4
186	211	4
189	314	4
192	335	4
195	319	4
198	372	4
201	319	4
204	331	4
207	323	4
210	309	4
213	287	4
216	315	4
219	378	4
222	338	4
225	321	4
228	261	4
231	301	4
234	206	4
237	345	4
240	310	4
243	333	4
246	318	4
249	293	4
252	325	4
255	268	4
258	326	4
261	338	4
264	326	4
267	314	4
270	327	4
273	322	4
276	296	4
279	283	4
282	329	4
285	317	4
288	183	4
292	270	4
295	334	4
298	327	4
301	299	4
304	334	4
307	353	4
310	312	4
313	259	4
316	320	4
319	311	4
322	322	4
325	324	4
328	319	4
331	262	4
334	309	4
337	323	4
340	317	4
343	317	4
346	273	4
349	310	4
352	292	4
355	308	4
358	276	4
361	302	4
364	296	4
367	191	4
370	314	4
373	250	4
376	306	4
379	323	4
382	299	4
385	322	4
388	324	4
391	302	4
394	305	4
397	319	4
400	210	4
404	297	4
407	333	4
410	240	4
413	300	4
416	304	4
419	310	4
422	305	4
425	242	4
428	314	4
431	293	4
434	300	4
437	314	4
440	286	4
443	332	4
446	306	4
449	312	4
452	312	4
455	326	4
458	334	4
461	307	4
464	314	4
467	313	4
470	335	4
473	322	4
476	311	4
479	337	4
482	304	4
485	310	4
488	363	4
491	334	4
494	270	4
497	254	4
500	314	4
503	343	4
506	304	4
509	309	4
513	323	4
516	297	4
519	304	4
522	296	4
525	319	4
528	341	4
531	303	4
534	341	4
537	333	4
540	299	4
543	347	4
546	347	4
549	308	4
552	344	4
555	335	4
558	300	4
561	295	4
564	306	4
567	295	4
570	323	4
573	297	4
576	314	4
579	288	4
582	284	4
585	184	4
588	261	4
591	314	4
594	291	4
597	309	4
600	306	4
603	159	4
606	284	4
609	147	4
612	282	4
615	311	4
618	272	4
622	205	4
625	311	4
628	344	4
631	313	4
634	337	4
637	293	4
640	304	4
643	319	4
646	309	4
649	334	4
652	218	4
655	276	4
658	297	4
661	316	4
664	330	4
667	303	4
670	317	4
673	338	4
676	289	4
679	313	4
682	310	4
685	337	4
688	321	4
691	305	4
694	286	4
697	302	4
700	294	4
703	183	4
706	302	4
709	330	4
712	230	4
715	296	4
718	349	4
721	343	4
724	293	4
727	299	4
730	326	4
70	320	4
74	321	4
77	343	4
80	297	4
83	331	4
86	337	4
89	331	4
92	343	4
95	313	4
98	298	4
101	315	4
104	324	4
107	300	4
110	329	4
113	315	4
116	314	4
119	326	4
122	310	4
125	339	4
128	314	4
131	322	4
134	308	4
137	315	4
140	326	4
143	336	4
146	301	4
149	314	4
152	268	4
155	325	4
158	298	4
161	318	4
164	338	4
167	300	4
170	327	4
173	296	4
176	332	4
179	312	4
183	341	4
186	342	4
189	337	4
192	346	4
195	353	4
198	383	4
201	300	4
204	373	4
207	344	4
210	319	4
213	338	4
216	336	4
219	385	4
222	367	4
225	351	4
228	337	4
231	331	4
234	327	4
237	338	4
240	333	4
243	345	4
246	326	4
249	320	4
252	317	4
255	342	4
258	340	4
261	338	4
264	331	4
267	315	4
270	341	4
273	322	4
276	311	4
279	313	4
282	309	4
285	302	4
288	322	4
292	339	4
295	351	4
298	303	4
301	310	4
304	313	4
307	346	4
310	319	4
313	312	4
316	312	4
319	362	4
322	337	4
325	329	4
328	293	4
331	328	4
334	325	4
337	318	4
340	312	4
343	287	4
346	311	4
349	335	4
352	346	4
355	320	4
358	276	4
361	309	4
364	316	4
367	287	4
370	333	4
373	328	4
376	343	4
379	312	4
382	302	4
385	320	4
388	300	4
391	294	4
394	304	4
397	295	4
400	291	4
404	296	4
407	307	4
410	293	4
413	310	4
416	315	4
419	292	4
422	298	4
425	328	4
428	330	4
431	330	4
434	358	4
437	346	4
440	333	4
443	336	4
446	314	4
449	359	4
452	343	4
455	324	4
458	367	4
461	317	4
464	297	4
467	318	4
470	330	4
473	294	4
476	312	4
479	324	4
482	336	4
485	319	4
488	313	4
491	347	4
494	361	4
497	331	4
500	359	4
503	377	4
506	314	4
509	362	4
513	343	4
516	325	4
519	353	4
522	293	4
525	305	4
528	367	4
531	329	4
534	319	4
537	344	4
540	316	4
543	330	4
546	383	4
549	328	4
552	322	4
555	343	4
558	324	4
561	331	4
564	321	4
567	316	4
570	340	4
573	318	4
576	309	4
579	334	4
582	298	4
585	324	4
588	292	4
591	311	4
594	302	4
597	319	4
600	280	4
603	325	4
606	307	4
609	301	4
612	305	4
615	312	4
618	326	4
622	300	4
625	315	4
628	348	4
631	321	4
634	322	4
637	314	4
640	360	4
643	316	4
646	320	4
649	381	4
652	324	4
655	287	4
658	327	4
661	333	4
664	303	4
667	290	4
670	316	4
673	308	4
676	303	4
679	297	4
682	326	4
685	312	4
688	346	4
691	301	4
694	293	4
697	320	4
700	327	4
703	303	4
706	321	4
709	319	4
712	315	4
715	309	4
718	315	4
721	311	4
724	316	4
727	288	4
730	305	4
70	327	4
74	296	4
77	330	4
80	325	4
83	302	4
86	310	4
89	319	4
92	296	4
95	300	4
98	281	4
101	297	4
104	314	4
107	306	4
110	290	4
113	288	4
116	326	4
119	322	4
122	296	4
125	303	4
128	303	4
131	306	4
134	303	4
137	299	4
140	317	4
143	307	4
146	314	4
149	320	4
152	297	4
155	318	4
158	292	4
161	305	4
164	279	4
167	304	4
170	349	4
173	286	4
176	354	4
179	270	4
183	301	4
186	342	4
189	331	4
192	321	4
195	329	4
198	321	4
201	307	4
204	295	4
207	297	4
210	296	4
213	298	4
216	307	4
219	341	4
222	313	4
225	320	4
228	301	4
231	301	4
234	321	4
237	312	4
240	291	4
243	307	4
246	310	4
249	279	4
252	313	4
255	305	4
258	310	4
261	292	4
264	301	4
267	307	4
270	339	4
273	313	4
276	284	4
279	313	4
282	307	4
285	265	4
288	314	4
292	281	4
295	309	4
298	324	4
301	294	4
304	313	4
307	347	4
310	304	4
313	284	4
316	297	4
319	323	4
322	277	4
325	335	4
328	315	4
331	297	4
334	296	4
337	297	4
340	276	4
343	300	4
346	295	4
349	338	4
352	313	4
355	339	4
358	285	4
361	302	4
364	293	4
367	291	4
370	303	4
373	316	4
376	339	4
379	336	4
382	291	4
385	283	4
388	284	4
391	289	4
394	321	4
397	335	4
400	291	4
404	304	4
407	322	4
410	295	4
413	314	4
416	305	4
419	319	4
422	295	4
425	313	4
428	315	4
431	320	4
434	318	4
437	315	4
440	318	4
443	303	4
446	322	4
449	312	4
452	314	4
455	315	4
458	266	4
461	291	4
464	316	4
467	318	4
470	333	4
473	295	4
476	297	4
479	303	4
482	333	4
485	327	4
488	302	4
491	299	4
494	282	4
497	303	4
500	299	4
503	312	4
506	326	4
509	326	4
513	305	4
516	321	4
519	319	4
522	293	4
525	282	4
528	306	4
531	285	4
534	304	4
537	282	4
540	321	4
543	304	4
546	307	4
549	310	4
552	320	4
555	303	4
558	292	4
561	297	4
564	308	4
567	278	4
570	302	4
573	293	4
576	304	4
579	296	4
582	273	4
585	309	4
588	318	4
591	287	4
594	286	4
597	287	4
600	310	4
603	297	4
606	299	4
609	301	4
612	309	4
615	298	4
618	314	4
622	292	4
625	311	4
628	321	4
631	303	4
634	324	4
637	317	4
640	303	4
643	300	4
646	303	4
649	363	4
652	303	4
655	306	4
658	308	4
661	320	4
664	292	4
667	306	4
670	315	4
673	328	4
676	289	4
679	285	4
682	288	4
685	314	4
688	283	4
691	305	4
694	291	4
697	316	4
700	309	4
703	301	4
706	312	4
709	304	4
712	298	4
715	323	4
718	285	4
721	348	4
724	300	4
727	273	4
730	316	4
