70	246	4
74	257	4
77	316	4
81	322	4
84	357	4
87	326	4
91	349	4
94	321	4
98	278	4
101	347	4
104	347	4
108	345	4
111	362	4
114	364	4
118	356	4
121	298	4
125	313	4
128	353	4
131	341	4
135	320	4
138	326	4
142	359	4
145	336	4
148	325	4
152	303	4
155	295	4
158	338	4
162	361	4
165	366	4
169	318	4
172	302	4
175	324	4
179	315	4
182	317	4
186	342	4
189	310	4
192	291	4
196	313	4
199	302	4
202	329	4
206	325	4
209	310	4
213	315	4
216	334	4
219	349	4
223	345	4
226	304	4
230	321	4
233	337	4
236	368	4
240	335	4
243	330	4
246	322	4
250	305	4
253	319	4
257	319	4
260	376	4
263	309	4
267	329	4
270	341	4
274	319	4
277	324	4
280	295	4
284	354	4
287	311	4
290	333	4
294	313	4
297	332	4
301	323	4
304	321	4
307	374	4
311	340	4
314	336	4
318	332	4
321	336	4
324	365	4
328	341	4
331	342	4
334	322	4
338	344	4
341	308	4
345	334	4
348	310	4
351	346	4
355	312	4
358	348	4
362	329	4
365	328	4
368	321	4
372	345	4
375	323	4
378	298	4
382	317	4
385	348	4
389	329	4
392	307	4
395	334	4
399	328	4
402	300	4
406	291	4
409	349	4
412	332	4
416	306	4
419	298	4
422	344	4
426	339	4
429	315	4
433	304	4
436	317	4
439	351	4
443	326	4
446	311	4
450	303	4
453	349	4
456	349	4
460	297	4
463	341	4
466	325	4
470	319	4
473	372	4
477	332	4
480	340	4
483	302	4
487	343	4
490	331	4
494	306	4
497	340	4
500	317	4
504	350	4
507	352	4
510	339	4
514	340	4
517	368	4
521	364	4
524	334	4
527	361	4
531	404	4
534	327	4
538	316	4
541	340	4
544	360	4
548	323	4
551	308	4
554	312	4
558	328	4
561	373	4
565	310	4
568	338	4
571	323	4
575	298	4
578	346	4
582	360	4
585	348	4
588	341	4
592	354	4
595	366	4
598	364	4
602	378	4
605	323	4
609	331	4
612	360	4
615	326	4
619	314	4
622	266	4
626	312	4
629	312	4
632	301	4
636	324	4
639	317	4
642	300	4
646	304	4
649	291	4
653	312	4
656	313	4
659	308	4
663	329	4
666	300	4
670	306	4
673	303	4
676	329	4
680	339	4
683	324	4
686	327	4
690	315	4
693	302	4
697	310	4
700	336	4
703	323	4
707	329	4
710	379	4
714	316	4
717	305	4
720	330	4
724	375	4
727	345	4
730	337	4
