70	281	4
74	271	4
77	323	4
80	320	4
83	320	4
86	294	4
89	289	4
92	287	4
95	327	4
98	311	4
101	312	4
104	312	4
107	314	4
110	322	4
113	292	4
116	292	4
120	300	4
123	290	4
126	310	4
129	269	4
132	296	4
135	308	4
138	301	4
141	279	4
144	308	4
147	331	4
150	287	4
153	284	4
156	288	4
159	313	4
162	303	4
166	292	4
169	299	4
172	288	4
175	268	4
178	304	4
181	320	4
184	312	4
187	335	4
190	302	4
193	306	4
196	294	4
199	304	4
202	288	4
205	300	4
208	288	4
212	293	4
215	290	4
218	294	4
221	303	4
224	295	4
227	321	4
230	310	4
233	302	4
236	303	4
239	343	4
242	307	4
245	290	4
248	313	4
251	291	4
254	304	4
258	330	4
261	316	4
264	321	4
267	310	4
270	303	4
273	307	4
276	292	4
279	312	4
282	336	4
285	321	4
288	317	4
291	292	4
294	274	4
297	306	4
300	304	4
304	285	4
307	290	4
310	288	4
313	299	4
316	293	4
319	292	4
322	307	4
325	291	4
328	323	4
331	309	4
334	310	4
337	304	4
340	309	4
343	326	4
346	293	4
350	319	4
353	299	4
356	300	4
359	293	4
362	297	4
365	301	4
368	309	4
371	303	4
374	321	4
377	290	4
380	293	4
383	315	4
386	298	4
389	304	4
392	308	4
396	306	4
399	294	4
402	304	4
405	279	4
408	309	4
411	308	4
414	299	4
417	309	4
420	299	4
423	306	4
426	289	4
429	322	4
432	318	4
435	293	4
438	293	4
442	313	4
445	296	4
448	282	4
451	293	4
454	309	4
457	301	4
460	268	4
463	292	4
466	312	4
469	334	4
472	300	4
475	291	4
478	317	4
481	308	4
484	297	4
488	301	4
491	308	4
494	296	4
497	323	4
500	291	4
503	328	4
506	323	4
509	296	4
512	299	4
515	289	4
518	283	4
521	315	4
524	305	4
527	270	4
530	304	4
534	302	4
537	308	4
540	309	4
543	300	4
546	303	4
549	284	4
552	313	4
555	322	4
558	301	4
561	296	4
564	291	4
567	296	4
570	315	4
573	317	4
576	324	4
580	302	4
583	305	4
586	302	4
589	299	4
592	310	4
595	284	4
598	338	4
601	285	4
604	302	4
607	313	4
610	294	4
613	293	4
616	312	4
619	322	4
622	291	4
626	313	4
629	298	4
632	287	4
635	300	4
638	294	4
641	323	4
644	315	4
647	289	4
650	300	4
653	299	4
656	303	4
659	304	4
662	334	4
665	302	4
668	303	4
672	324	4
675	321	4
678	313	4
681	315	4
684	308	4
687	308	4
690	306	4
693	327	4
696	328	4
699	300	4
702	299	4
705	313	4
708	295	4
711	306	4
714	306	4
718	297	4
721	309	4
724	297	4
727	316	4
730	296	4
733	300	4
736	303	4
739	324	4
742	312	4
745	278	4
748	303	4
751	302	4
754	277	4
757	293	4
760	320	4
764	306	4
767	275	4
770	303	4
773	301	4
776	306	4
779	308	4
782	320	4
785	310	4
788	296	4
791	287	4
794	307	4
797	298	4
800	294	4
803	303	4
806	325	4
810	305	4
813	286	4
816	308	4
819	304	4
822	289	4
825	294	4
828	319	4
831	307	4
834	291	4
837	287	4
840	305	4
843	304	4
846	294	4
849	293	4
852	292	4
856	312	4
859	302	4
862	278	4
865	321	4
868	327	4
871	291	4
874	273	4
877	285	4
880	303	4
883	286	4
886	300	4
889	321	4
892	279	4
895	294	4
898	333	4
902	304	4
905	282	4
908	297	4
911	313	4
914	324	4
917	304	4
920	313	4
923	288	4
926	294	4
929	300	4
932	291	4
935	309	4
938	298	4
941	316	4
944	294	4
948	273	4
951	283	4
954	298	4
957	305	4
960	281	4
963	303	4
966	288	4
969	297	4
972	294	4
975	299	4
978	305	4
981	276	4
984	288	4
987	324	4
990	309	4
994	289	4
997	291	4
1000	278	4
1003	310	4
1006	293	4
1009	288	4
1012	301	4
1015	310	4
1018	303	4
1021	319	4
1024	314	4
1027	309	4
1030	308	4
1033	307	4
1036	293	4
1040	296	4
1043	308	4
1046	306	4
1049	286	4
1052	342	4
1055	303	4
1058	313	4
1061	292	4
1064	305	4
1067	307	4
1070	312	4
1073	311	4
1076	303	4
1079	290	4
1082	343	4
1086	283	4
1089	310	4
1092	296	4
1095	326	4
1098	310	4
1101	348	4
1104	311	4
1107	308	4
1110	296	4
1113	297	4
1116	297	4
1119	284	4
1122	288	4
1125	295	4
1128	315	4
1132	314	4
1135	285	4
1138	311	4
1141	319	4
1144	309	4
1147	306	4
1150	276	4
1153	335	4
1156	302	4
1159	299	4
1162	323	4
1165	303	4
1168	308	4
1171	325	4
1174	312	4
1178	285	4
1181	303	4
1184	285	4
1187	277	4
1190	284	4
1193	267	4
1196	299	4
1199	273	4
1202	295	4
1205	276	4
1208	303	4
1211	302	4
1214	299	4
1217	292	4
1221	286	4
1224	301	4
1227	288	4
1230	317	4
1233	290	4
1236	323	4
1239	340	4
1242	297	4
1245	303	4
1248	316	4
1251	323	4
1254	305	4
1257	331	4
1260	327	4
1263	313	4
1266	302	4
1270	295	4
1273	299	4
1276	310	4
1279	325	4
1282	329	4
1285	297	4
1288	299	4
1291	308	4
1294	309	4
1297	302	4
1300	311	4
1303	304	4
1306	304	4
1309	300	4
1312	322	4
1316	317	4
1319	315	4
1322	318	4
1325	307	4
1328	327	4
1331	306	4
1334	303	4
1337	286	4
1340	285	4
1343	299	4
1346	301	4
1349	299	4
1352	310	4
1355	317	4
1358	308	4
1362	304	4
1365	289	4
1368	312	4
1371	323	4
1374	300	4
1377	275	4
1380	325	4
1383	307	4
1386	290	4
1389	305	4
1392	298	4
1395	318	4
1398	280	4
1401	300	4
1404	316	4
1408	330	4
1411	309	4
1414	311	4
1417	318	4
1420	302	4
1423	331	4
1426	346	4
1429	316	4
1432	308	4
1435	272	4
1438	311	4
1441	271	4
1444	308	4
1447	335	4
1450	318	4
1454	333	4
1457	288	4
1460	316	4
1463	338	4
1466	303	4
1469	295	4
1472	313	4
1475	313	4
1478	300	4
1481	309	4
1484	314	4
1487	306	4
1490	316	4
1493	284	4
1496	331	4
1500	304	4
1503	284	4
1506	332	4
1509	308	4
1512	311	4
1515	296	4
1518	314	4
1521	303	4
1524	297	4
1527	318	4
1530	294	4
1533	294	4
1536	316	4
1539	307	4
1542	297	4
1546	317	4
1549	300	4
1552	285	4
1555	285	4
1558	300	4
1561	298	4
1564	301	4
1567	307	4
1570	321	4
1573	301	4
1576	321	4
1579	296	4
1582	305	4
1585	324	4
1588	325	4
1592	317	4
1595	323	4
1598	298	4
1601	309	4
1604	328	4
1607	314	4
1610	290	4
1613	305	4
1616	338	4
1619	311	4
1622	305	4
1625	330	4
1628	313	4
1631	320	4
1634	302	4
1638	334	4
1641	312	4
1644	322	4
1647	318	4
1650	305	4
1653	307	4
1656	323	4
1659	340	4
1662	303	4
1665	326	4
1668	323	4
1671	331	4
1674	305	4
1677	353	4
1680	331	4
1684	310	4
1687	312	4
1690	297	4
1693	305	4
1696	303	4
1699	325	4
1702	350	4
1705	297	4
1708	335	4
1711	319	4
1714	321	4
1717	298	4
1720	326	4
1723	286	4
1726	301	4
1730	306	4
1733	305	4
1736	295	4
1739	308	4
1742	319	4
1745	315	4
1748	303	4
1751	302	4
1754	314	4
1757	307	4
1760	313	4
1763	313	4
1766	336	4
1769	327	4
1772	310	4
1776	336	4
1779	322	4
1782	306	4
1785	288	4
1788	323	4
1791	281	4
1794	315	4
1797	295	4
1800	336	4
1803	311	4
1806	319	4
1809	316	4
1812	298	4
1815	319	4
1818	340	4
1822	301	4
1825	339	4
1828	334	4
1831	328	4
1834	310	4
1837	320	4
1840	361	4
1843	309	4
1846	299	4
1849	301	4
1852	332	4
1855	339	4
1858	306	4
1861	312	4
1864	297	4
