70	353	4
73	333	4
76	319	4
79	261	4
82	374	4
85	315	4
88	299	4
91	315	4
94	313	4
97	332	4
100	323	4
103	320	4
106	281	4
109	323	4
112	321	4
115	259	4
118	325	4
121	294	4
124	390	4
127	265	4
130	266	4
133	333	4
136	208	4
139	309	4
142	260	4
145	323	4
148	311	4
151	287	4
154	335	4
157	306	4
160	317	4
163	326	4
166	327	4
169	322	4
172	359	4
175	325	4
178	349	4
181	297	4
184	314	4
187	323	4
190	245	4
193	288	4
196	362	4
199	232	4
202	297	4
205	299	4
208	306	4
211	305	4
214	334	4
217	306	4
220	313	4
223	281	4
226	312	4
229	278	4
232	311	4
235	323	4
238	331	4
241	306	4
244	308	4
247	296	4
250	303	4
253	288	4
256	291	4
259	268	4
262	330	4
265	323	4
268	287	4
271	298	4
274	324	4
277	317	4
280	349	4
283	286	4
286	273	4
289	320	4
291	335	4
294	329	4
297	318	4
300	338	4
303	302	4
306	216	4
309	322	4
312	305	4
315	292	4
318	233	4
321	280	4
324	316	4
327	294	4
330	327	4
333	285	4
336	295	4
339	293	4
342	278	4
345	266	4
348	269	4
351	293	4
354	359	4
357	322	4
360	302	4
363	350	4
366	241	4
369	302	4
372	309	4
375	260	4
378	297	4
381	314	4
384	234	4
387	315	4
390	336	4
393	297	4
396	295	4
399	320	4
402	312	4
405	306	4
408	301	4
411	306	4
414	265	4
417	302	4
420	299	4
423	311	4
426	305	4
429	317	4
432	332	4
435	297	4
438	312	4
441	308	4
444	302	4
447	303	4
450	317	4
453	315	4
456	279	4
459	281	4
462	348	4
465	307	4
468	272	4
471	319	4
474	281	4
477	305	4
480	338	4
483	315	4
486	308	4
489	308	4
492	291	4
495	307	4
498	274	4
501	324	4
504	299	4
507	260	4
510	307	4
512	174	4
515	312	4
518	273	4
521	329	4
524	319	4
527	344	4
530	313	4
533	338	4
536	248	4
539	308	4
542	312	4
545	233	4
548	248	4
551	293	4
554	292	4
557	308	4
560	308	4
563	306	4
566	272	4
569	334	4
572	281	4
575	299	4
578	327	4
581	324	4
584	346	4
587	275	4
590	319	4
593	285	4
596	352	4
599	322	4
602	309	4
605	328	4
608	251	4
611	304	4
614	308	4
617	243	4
620	272	4
623	302	4
626	316	4
629	336	4
632	300	4
635	307	4
638	322	4
641	306	4
644	321	4
647	327	4
650	288	4
653	282	4
656	308	4
659	299	4
662	319	4
665	301	4
668	297	4
671	300	4
674	307	4
677	338	4
680	293	4
683	372	4
686	313	4
689	327	4
692	318	4
695	319	4
698	318	4
701	321	4
704	294	4
707	301	4
710	298	4
713	364	4
716	300	4
719	323	4
722	319	4
725	310	4
728	302	4
730	296	4
