70	314	4
74	293	4
77	316	4
81	315	4
84	324	4
87	323	4
91	339	4
94	303	4
97	332	4
101	321	4
104	305	4
107	310	4
111	282	4
114	292	4
117	328	4
121	298	4
124	277	4
127	327	4
131	325	4
134	345	4
138	314	4
141	347	4
144	313	4
148	317	4
151	317	4
154	323	4
158	314	4
161	298	4
164	326	4
168	267	4
171	371	4
174	309	4
178	294	4
181	293	4
184	334	4
188	326	4
191	331	4
194	333	4
198	340	4
201	338	4
205	318	4
208	287	4
211	300	4
215	304	4
218	355	4
221	287	4
225	299	4
228	306	4
231	302	4
235	323	4
238	291	4
241	303	4
245	289	4
248	310	4
251	306	4
255	314	4
258	302	4
261	302	4
265	286	4
268	311	4
272	296	4
275	346	4
278	310	4
282	315	4
285	304	4
288	299	4
292	274	4
295	271	4
298	285	4
302	305	4
305	270	4
308	303	4
312	323	4
315	320	4
318	308	4
322	343	4
325	316	4
328	307	4
332	305	4
335	319	4
339	339	4
342	311	4
345	296	4
349	333	4
352	291	4
355	282	4
359	309	4
362	312	4
365	320	4
369	298	4
372	304	4
375	318	4
379	285	4
382	297	4
385	300	4
389	330	4
392	309	4
395	303	4
399	311	4
402	329	4
406	310	4
409	333	4
412	302	4
416	315	4
419	307	4
422	334	4
426	305	4
429	361	4
432	288	4
436	313	4
439	303	4
442	337	4
446	326	4
449	305	4
452	313	4
456	276	4
459	330	4
462	300	4
466	328	4
469	327	4
473	329	4
476	350	4
479	315	4
483	342	4
486	282	4
489	314	4
493	335	4
496	310	4
499	320	4
503	327	4
506	341	4
509	328	4
513	306	4
516	324	4
519	306	4
523	327	4
526	327	4
529	312	4
533	302	4
536	332	4
540	305	4
543	348	4
546	308	4
550	324	4
553	315	4
556	314	4
560	330	4
563	331	4
566	281	4
570	314	4
573	308	4
576	328	4
580	312	4
583	314	4
586	310	4
590	321	4
593	338	4
596	287	4
600	312	4
603	309	4
607	305	4
610	301	4
613	312	4
617	301	4
620	316	4
623	299	4
627	291	4
630	331	4
633	272	4
637	324	4
640	318	4
643	311	4
647	303	4
650	297	4
653	340	4
657	293	4
660	324	4
663	303	4
667	301	4
670	311	4
674	293	4
677	325	4
680	325	4
684	306	4
687	313	4
690	303	4
694	331	4
697	319	4
700	320	4
704	303	4
707	305	4
710	343	4
714	328	4
717	265	4
720	308	4
724	311	4
727	302	4
730	319	4
