70	332	4
74	293	4
78	299	4
82	299	4
85	289	4
89	318	4
93	315	4
97	302	4
100	321	4
104	323	4
108	316	4
112	323	4
115	366	4
119	329	4
123	315	4
127	337	4
130	308	4
134	307	4
138	310	4
142	312	4
145	322	4
149	354	4
153	322	4
157	310	4
160	308	4
164	312	4
168	318	4
172	325	4
175	285	4
179	323	4
183	306	4
187	316	4
190	343	4
194	314	4
198	319	4
202	311	4
205	286	4
209	343	4
213	305	4
217	326	4
220	326	4
224	358	4
228	334	4
232	308	4
235	336	4
239	351	4
243	313	4
247	344	4
250	330	4
254	345	4
258	324	4
262	305	4
265	328	4
269	327	4
273	330	4
277	312	4
280	311	4
284	308	4
288	322	4
292	325	4
295	301	4
299	296	4
303	331	4
307	281	4
310	321	4
314	328	4
318	313	4
322	356	4
325	359	4
329	329	4
333	311	4
337	330	4
341	315	4
344	341	4
348	346	4
352	342	4
355	295	4
359	331	4
363	302	4
367	315	4
370	321	4
374	364	4
378	311	4
382	320	4
385	300	4
389	286	4
393	310	4
397	322	4
400	312	4
404	315	4
408	320	4
412	305	4
415	313	4
419	318	4
423	306	4
427	347	4
430	331	4
434	335	4
438	308	4
442	332	4
445	292	4
449	291	4
453	297	4
457	310	4
460	335	4
464	309	4
468	289	4
472	334	4
475	289	4
479	304	4
483	353	4
487	319	4
490	308	4
494	311	4
498	332	4
502	296	4
505	306	4
509	318	4
513	287	4
517	308	4
520	321	4
524	318	4
528	370	4
532	299	4
535	301	4
539	302	4
543	299	4
547	290	4
550	341	4
554	302	4
558	334	4
562	310	4
565	322	4
569	299	4
573	310	4
577	310	4
580	312	4
584	272	4
588	339	4
592	311	4
595	318	4
599	322	4
603	309	4
607	349	4
610	302	4
614	309	4
618	292	4
622	304	4
625	328	4
629	330	4
633	315	4
637	311	4
640	348	4
644	308	4
648	314	4
652	318	4
655	312	4
659	278	4
663	291	4
667	310	4
670	291	4
674	317	4
678	324	4
682	342	4
685	304	4
689	308	4
693	269	4
697	298	4
700	319	4
704	295	4
708	286	4
712	311	4
715	326	4
719	307	4
723	307	4
727	335	4
730	324	4
