70	272	4
74	294	4
77	287	4
80	293	4
83	305	4
86	305	4
89	290	4
92	290	4
95	323	4
98	324	4
101	314	4
104	286	4
107	301	4
110	275	4
113	291	4
116	294	4
120	297	4
123	292	4
126	288	4
129	279	4
132	333	4
135	305	4
138	305	4
141	293	4
144	317	4
147	319	4
150	282	4
153	297	4
156	310	4
159	298	4
162	276	4
166	293	4
169	290	4
172	309	4
175	291	4
178	295	4
181	311	4
184	306	4
187	314	4
190	326	4
193	285	4
196	305	4
199	307	4
202	318	4
205	301	4
208	308	4
212	292	4
215	339	4
218	286	4
221	297	4
224	288	4
227	310	4
230	305	4
233	311	4
236	300	4
239	329	4
242	292	4
245	317	4
248	313	4
251	273	4
254	283	4
258	287	4
261	325	4
264	311	4
267	300	4
270	309	4
273	297	4
276	290	4
279	332	4
282	311	4
285	307	4
288	306	4
291	272	4
294	294	4
297	311	4
300	293	4
304	290	4
307	294	4
310	298	4
313	305	4
316	311	4
319	286	4
322	305	4
325	294	4
328	293	4
331	304	4
334	294	4
337	322	4
340	300	4
343	325	4
346	307	4
350	310	4
353	318	4
356	296	4
359	303	4
362	286	4
365	289	4
368	300	4
371	306	4
374	321	4
377	289	4
380	276	4
383	309	4
386	286	4
389	296	4
392	290	4
396	303	4
399	300	4
402	281	4
405	297	4
408	309	4
411	295	4
414	303	4
417	310	4
420	267	4
423	295	4
426	288	4
429	320	4
432	349	4
435	282	4
438	301	4
442	306	4
445	311	4
448	303	4
451	302	4
454	309	4
457	311	4
460	293	4
463	289	4
466	305	4
469	336	4
472	280	4
475	300	4
478	322	4
481	293	4
484	290	4
488	305	4
491	301	4
494	287	4
497	323	4
500	324	4
503	287	4
506	333	4
509	293	4
512	303	4
515	285	4
518	276	4
521	290	4
524	294	4
527	292	4
530	298	4
534	288	4
537	288	4
540	310	4
543	308	4
546	293	4
549	274	4
552	300	4
555	309	4
558	288	4
561	300	4
564	305	4
567	310	4
570	305	4
573	296	4
576	288	4
580	299	4
583	303	4
586	294	4
589	309	4
592	322	4
595	281	4
598	310	4
601	286	4
604	305	4
607	309	4
610	301	4
613	308	4
616	308	4
619	302	4
622	292	4
626	291	4
629	283	4
632	293	4
635	299	4
638	296	4
641	317	4
644	326	4
647	309	4
650	300	4
653	305	4
656	302	4
659	324	4
662	288	4
665	308	4
668	303	4
672	310	4
675	314	4
678	311	4
681	299	4
684	296	4
687	296	4
690	296	4
693	321	4
696	315	4
699	280	4
702	288	4
705	283	4
708	269	4
711	332	4
714	308	4
718	296	4
721	309	4
724	311	4
727	321	4
730	310	4
733	309	4
736	295	4
739	324	4
742	318	4
745	286	4
748	284	4
751	286	4
754	298	4
757	306	4
760	318	4
764	316	4
767	306	4
770	293	4
773	311	4
776	316	4
779	312	4
782	308	4
785	282	4
788	310	4
791	287	4
794	323	4
797	314	4
800	298	4
803	283	4
806	302	4
810	305	4
813	295	4
816	333	4
819	300	4
822	286	4
825	297	4
828	273	4
831	310	4
834	305	4
837	307	4
840	302	4
843	318	4
846	309	4
849	313	4
852	315	4
856	291	4
859	316	4
862	265	4
865	323	4
868	311	4
871	304	4
874	296	4
877	296	4
880	282	4
883	289	4
886	304	4
889	324	4
892	294	4
895	303	4
898	311	4
902	315	4
905	292	4
908	300	4
911	305	4
914	336	4
917	286	4
920	281	4
923	283	4
926	311	4
929	286	4
932	293	4
935	288	4
938	296	4
941	326	4
944	295	4
948	297	4
951	292	4
954	297	4
957	274	4
960	283	4
963	294	4
966	292	4
969	280	4
972	288	4
975	317	4
978	300	4
981	292	4
984	296	4
987	322	4
990	297	4
994	291	4
997	321	4
1000	318	4
1003	321	4
1006	299	4
1009	327	4
1012	290	4
1015	300	4
1018	295	4
1021	310	4
1024	328	4
1027	319	4
1030	297	4
1033	304	4
1036	310	4
1040	314	4
1043	310	4
1046	307	4
1049	254	4
1052	334	4
1055	337	4
1058	328	4
1061	305	4
1064	310	4
1067	307	4
1070	323	4
1073	298	4
1076	289	4
1079	293	4
1082	306	4
1086	305	4
1089	283	4
1092	307	4
1095	317	4
1098	309	4
1101	303	4
1104	312	4
1107	336	4
1110	297	4
1113	325	4
1116	320	4
1119	291	4
1122	320	4
1125	292	4
1128	312	4
1132	305	4
1135	287	4
1138	303	4
1141	313	4
1144	300	4
1147	332	4
1150	294	4
1153	333	4
1156	323	4
1159	321	4
1162	299	4
1165	305	4
1168	334	4
1171	319	4
1174	306	4
1178	299	4
1181	285	4
1184	305	4
1187	290	4
1190	315	4
1193	286	4
1196	300	4
1199	307	4
1202	314	4
1205	310	4
1208	305	4
1211	322	4
1214	296	4
1217	304	4
1221	307	4
1224	301	4
1227	317	4
1230	296	4
1233	309	4
1236	323	4
1239	307	4
1242	297	4
1245	304	4
1248	329	4
1251	302	4
1254	313	4
1257	345	4
1260	328	4
1263	293	4
1266	292	4
1270	279	4
1273	316	4
1276	322	4
1279	302	4
1282	330	4
1285	288	4
1288	304	4
1291	314	4
1294	274	4
1297	290	4
1300	303	4
1303	332	4
1306	320	4
1309	315	4
1312	318	4
1316	297	4
1319	340	4
1322	300	4
1325	285	4
1328	310	4
1331	304	4
1334	319	4
1337	296	4
1340	294	4
1343	307	4
1346	308	4
1349	298	4
1352	304	4
1355	297	4
1358	306	4
1362	325	4
1365	313	4
1368	319	4
1371	313	4
1374	328	4
1377	283	4
1380	339	4
1383	314	4
1386	301	4
1389	287	4
1392	314	4
1395	304	4
1398	302	4
1401	300	4
1404	317	4
1408	319	4
1411	318	4
1414	306	4
1417	314	4
1420	316	4
1423	320	4
1426	319	4
1429	316	4
1432	319	4
1435	306	4
1438	312	4
1441	292	4
1444	290	4
1447	336	4
1450	311	4
1454	293	4
1457	324	4
1460	298	4
1463	299	4
1466	306	4
1469	287	4
1472	317	4
1475	305	4
1478	270	4
1481	305	4
1484	315	4
1487	272	4
1490	283	4
1493	262	4
1496	346	4
1500	317	4
1503	282	4
1506	320	4
1509	307	4
1512	316	4
1515	289	4
1518	310	4
1521	299	4
1524	308	4
1527	299	4
1530	289	4
1533	289	4
1536	303	4
1539	308	4
1542	290	4
1546	339	4
1549	302	4
1552	306	4
1555	301	4
1558	314	4
1561	296	4
1564	308	4
1567	294	4
1570	298	4
1573	308	4
1576	303	4
1579	289	4
1582	293	4
1585	322	4
1588	319	4
1592	320	4
1595	288	4
1598	298	4
1601	294	4
1604	336	4
1607	305	4
1610	308	4
1613	296	4
1616	350	4
1619	307	4
1622	285	4
1625	321	4
1628	318	4
1631	316	4
1634	300	4
1638	308	4
1641	306	4
1644	307	4
1647	307	4
1650	316	4
1653	315	4
1656	318	4
1659	287	4
1662	287	4
1665	310	4
1668	310	4
1671	319	4
1674	308	4
1677	322	4
1680	339	4
1684	313	4
1687	289	4
1690	304	4
1693	312	4
1696	293	4
1699	309	4
1702	307	4
1705	305	4
1708	306	4
1711	310	4
1714	301	4
1717	318	4
1720	340	4
1723	304	4
1726	294	4
1730	315	4
1733	312	4
1736	299	4
1739	308	4
1742	312	4
1745	325	4
1748	306	4
1751	300	4
1754	318	4
1757	307	4
1760	306	4
1763	315	4
1766	311	4
1769	321	4
1772	312	4
1776	341	4
1779	331	4
1782	315	4
1785	299	4
1788	311	4
1791	308	4
1794	298	4
1797	301	4
1800	331	4
1803	305	4
1806	318	4
1809	313	4
1812	306	4
1815	292	4
1818	344	4
1822	300	4
1825	323	4
1828	326	4
1831	344	4
1834	310	4
1837	314	4
1840	326	4
1843	322	4
1846	324	4
1849	325	4
1852	317	4
1855	321	4
1858	308	4
1861	329	4
1864	291	4
70	265	4
74	303	4
77	307	4
80	308	4
83	307	4
86	309	4
89	314	4
92	292	4
95	308	4
98	279	4
101	295	4
104	339	4
107	315	4
110	316	4
113	306	4
116	304	4
120	306	4
123	310	4
126	300	4
129	321	4
132	284	4
135	315	4
138	319	4
141	291	4
144	313	4
147	296	4
150	305	4
153	307	4
156	305	4
159	257	4
162	313	4
166	299	4
169	300	4
172	290	4
175	305	4
178	305	4
181	325	4
184	312	4
187	326	4
190	314	4
193	296	4
196	322	4
199	314	4
202	287	4
205	307	4
208	297	4
212	299	4
215	313	4
218	311	4
221	325	4
224	304	4
227	307	4
230	299	4
233	320	4
236	315	4
239	292	4
242	327	4
245	314	4
248	294	4
251	304	4
254	300	4
258	322	4
261	315	4
264	296	4
267	315	4
270	301	4
273	296	4
276	318	4
279	288	4
282	309	4
285	317	4
288	319	4
291	257	4
294	295	4
297	331	4
300	308	4
304	324	4
307	310	4
310	301	4
313	303	4
316	315	4
319	318	4
322	316	4
325	285	4
328	318	4
331	294	4
334	319	4
337	311	4
340	288	4
343	312	4
346	279	4
350	311	4
353	298	4
356	301	4
359	309	4
362	291	4
365	324	4
368	317	4
371	299	4
374	321	4
377	324	4
380	319	4
383	301	4
386	310	4
389	328	4
392	303	4
396	305	4
399	324	4
402	305	4
405	300	4
408	313	4
411	326	4
414	302	4
417	313	4
420	330	4
423	322	4
426	316	4
429	325	4
432	278	4
435	302	4
438	299	4
442	317	4
445	305	4
448	303	4
451	305	4
454	313	4
457	301	4
460	303	4
463	308	4
466	317	4
469	311	4
472	297	4
475	305	4
478	298	4
481	307	4
484	301	4
488	303	4
491	291	4
494	286	4
497	305	4
500	312	4
503	313	4
506	323	4
509	314	4
512	289	4
515	318	4
518	315	4
521	310	4
524	297	4
527	294	4
530	289	4
534	312	4
537	328	4
540	331	4
543	300	4
546	299	4
549	265	4
552	308	4
555	328	4
558	308	4
561	285	4
564	289	4
567	300	4
570	304	4
573	307	4
576	331	4
580	314	4
583	304	4
586	314	4
589	312	4
592	304	4
595	310	4
598	303	4
601	295	4
604	321	4
607	309	4
610	301	4
613	300	4
616	312	4
619	300	4
622	322	4
626	283	4
629	282	4
632	310	4
635	298	4
638	290	4
641	307	4
644	306	4
647	312	4
650	300	4
653	304	4
656	309	4
659	327	4
662	327	4
665	304	4
668	312	4
672	296	4
675	330	4
678	308	4
681	318	4
684	312	4
687	287	4
690	322	4
693	316	4
696	330	4
699	298	4
702	313	4
705	296	4
708	287	4
711	315	4
714	299	4
718	316	4
721	320	4
724	300	4
727	312	4
730	317	4
733	311	4
736	299	4
739	300	4
742	312	4
745	296	4
748	317	4
751	306	4
754	298	4
757	305	4
760	316	4
764	312	4
767	299	4
770	293	4
773	320	4
776	319	4
779	327	4
782	317	4
785	319	4
788	309	4
791	297	4
794	324	4
797	313	4
800	298	4
803	302	4
806	304	4
810	296	4
813	335	4
816	323	4
819	290	4
822	322	4
825	301	4
828	317	4
831	317	4
834	318	4
837	303	4
840	318	4
843	321	4
846	307	4
849	316	4
852	305	4
856	273	4
859	310	4
862	321	4
865	318	4
868	344	4
871	305	4
874	308	4
877	322	4
880	310	4
883	285	4
886	305	4
889	320	4
892	305	4
895	303	4
898	334	4
902	333	4
905	285	4
908	311	4
911	289	4
914	321	4
917	299	4
920	286	4
923	301	4
926	311	4
929	314	4
932	304	4
935	300	4
938	313	4
941	307	4
944	313	4
948	299	4
951	302	4
954	300	4
957	315	4
960	309	4
963	307	4
966	311	4
969	304	4
972	309	4
975	297	4
978	311	4
981	329	4
984	312	4
987	323	4
990	320	4
994	327	4
997	265	4
1000	299	4
1003	305	4
1006	316	4
1009	338	4
1012	312	4
1015	319	4
1018	326	4
1021	327	4
1024	323	4
1027	329	4
1030	299	4
1033	306	4
1036	335	4
1040	309	4
1043	314	4
1046	297	4
1049	293	4
1052	306	4
1055	312	4
1058	312	4
1061	303	4
1064	309	4
1067	326	4
1070	309	4
1073	307	4
1076	305	4
1079	311	4
1082	265	4
1086	313	4
1089	321	4
1092	317	4
1095	331	4
1098	312	4
1101	308	4
1104	329	4
1107	330	4
1110	305	4
1113	305	4
1116	321	4
1119	311	4
1122	327	4
1125	314	4
1128	288	4
1132	335	4
1135	304	4
1138	317	4
1141	310	4
1144	286	4
1147	313	4
1150	301	4
1153	303	4
1156	298	4
1159	285	4
1162	315	4
1165	305	4
1168	291	4
1171	311	4
1174	339	4
1178	324	4
1181	304	4
1184	275	4
1187	295	4
1190	309	4
1193	330	4
1196	330	4
1199	317	4
1202	301	4
1205	307	4
1208	316	4
1211	328	4
1214	299	4
1217	308	4
1221	313	4
1224	318	4
1227	309	4
1230	344	4
1233	321	4
1236	329	4
1239	323	4
1242	293	4
1245	320	4
1248	315	4
1251	322	4
1254	311	4
1257	312	4
1260	318	4
1263	331	4
1266	312	4
1270	310	4
1273	309	4
1276	303	4
1279	297	4
1282	315	4
1285	300	4
1288	303	4
1291	309	4
1294	301	4
1297	306	4
1300	301	4
1303	294	4
1306	295	4
1309	307	4
1312	303	4
1316	318	4
1319	311	4
1322	302	4
1325	292	4
1328	315	4
1331	306	4
1334	305	4
1337	310	4
1340	312	4
1343	313	4
1346	285	4
1349	308	4
1352	311	4
1355	310	4
1358	311	4
1362	310	4
1365	288	4
1368	313	4
1371	321	4
1374	302	4
1377	309	4
1380	307	4
1383	322	4
1386	293	4
1389	321	4
1392	277	4
1395	294	4
1398	312	4
1401	308	4
1404	317	4
1408	311	4
1411	319	4
1414	285	4
1417	327	4
1420	314	4
1423	312	4
1426	316	4
1429	312	4
1432	317	4
1435	322	4
1438	302	4
1441	294	4
1444	306	4
1447	310	4
1450	312	4
1454	311	4
1457	313	4
1460	294	4
1463	294	4
1466	314	4
1469	304	4
1472	309	4
1475	310	4
1478	303	4
1481	309	4
1484	312	4
1487	300	4
1490	302	4
1493	314	4
1496	312	4
1500	290	4
1503	310	4
1506	295	4
1509	308	4
1512	298	4
1515	298	4
1518	320	4
1521	274	4
1524	306	4
1527	320	4
1530	300	4
1533	281	4
1536	313	4
1539	316	4
1542	304	4
1546	306	4
1549	306	4
1552	306	4
1555	314	4
1558	315	4
1561	308	4
1564	315	4
1567	314	4
1570	303	4
1573	307	4
1576	295	4
1579	310	4
1582	315	4
1585	320	4
1588	362	4
1592	316	4
1595	328	4
1598	316	4
1601	294	4
1604	309	4
1607	310	4
1610	318	4
1613	297	4
1616	315	4
1619	320	4
1622	314	4
1625	327	4
1628	308	4
1631	323	4
1634	295	4
1638	304	4
1641	312	4
1644	306	4
1647	319	4
1650	313	4
1653	295	4
1656	298	4
1659	289	4
1662	307	4
1665	307	4
1668	306	4
1671	325	4
1674	321	4
1677	309	4
1680	306	4
1684	312	4
1687	315	4
1690	308	4
1693	315	4
1696	304	4
1699	303	4
1702	278	4
1705	311	4
1708	302	4
1711	297	4
1714	313	4
1717	319	4
1720	326	4
1723	314	4
1726	311	4
1730	314	4
1733	305	4
1736	319	4
1739	318	4
1742	317	4
1745	310	4
1748	297	4
1751	290	4
1754	311	4
1757	307	4
1760	303	4
1763	296	4
1766	326	4
1769	305	4
1772	308	4
1776	313	4
1779	318	4
1782	315	4
1785	302	4
1788	295	4
1791	294	4
1794	326	4
1797	317	4
1800	321	4
1803	311	4
1806	312	4
1809	303	4
1812	325	4
1815	309	4
1818	338	4
1822	315	4
1825	310	4
1828	304	4
1831	336	4
1834	303	4
1837	289	4
1840	303	4
1843	306	4
1846	307	4
1849	304	4
1852	313	4
1855	335	4
1858	324	4
1861	296	4
1864	318	4
70	250	4
74	267	4
77	345	4
80	310	4
83	306	4
86	232	4
89	313	4
92	275	4
95	203	4
98	329	4
101	287	4
104	287	4
107	326	4
110	317	4
113	311	4
116	283	4
120	255	4
123	247	4
126	312	4
129	296	4
132	327	4
135	308	4
138	296	4
141	216	4
144	279	4
147	354	4
150	265	4
153	298	4
156	287	4
159	286	4
162	310	4
166	294	4
169	260	4
172	326	4
175	320	4
178	320	4
181	295	4
184	312	4
187	349	4
190	336	4
193	316	4
196	295	4
199	312	4
202	305	4
205	291	4
208	302	4
212	252	4
215	352	4
218	296	4
221	311	4
224	312	4
227	317	4
230	295	4
233	326	4
236	300	4
239	325	4
242	300	4
245	291	4
248	314	4
251	284	4
254	249	4
258	306	4
261	324	4
264	318	4
267	310	4
270	330	4
273	344	4
276	316	4
279	313	4
282	321	4
285	326	4
288	284	4
291	261	4
294	283	4
297	347	4
300	244	4
304	307	4
307	315	4
310	288	4
313	308	4
316	297	4
319	304	4
322	304	4
325	318	4
328	336	4
331	291	4
334	295	4
337	315	4
340	254	4
343	329	4
346	251	4
350	316	4
353	295	4
356	285	4
359	258	4
362	315	4
365	285	4
368	316	4
371	319	4
374	312	4
377	323	4
380	304	4
383	318	4
386	230	4
389	296	4
392	304	4
396	315	4
399	323	4
402	314	4
405	236	4
408	298	4
411	276	4
414	294	4
417	326	4
420	325	4
423	251	4
426	307	4
429	355	4
432	329	4
435	283	4
438	334	4
442	297	4
445	307	4
448	313	4
451	288	4
454	349	4
457	311	4
460	242	4
463	297	4
466	378	4
469	313	4
472	300	4
475	302	4
478	300	4
481	329	4
484	288	4
488	318	4
491	291	4
494	268	4
497	335	4
500	310	4
503	303	4
506	336	4
509	311	4
512	311	4
515	292	4
518	295	4
521	307	4
524	293	4
527	321	4
530	319	4
534	302	4
537	315	4
540	281	4
543	162	4
546	310	4
549	270	4
552	293	4
555	318	4
558	287	4
561	285	4
564	287	4
567	267	4
570	329	4
573	311	4
576	290	4
580	305	4
583	317	4
586	300	4
589	303	4
592	331	4
595	343	4
598	296	4
601	303	4
604	343	4
607	273	4
610	303	4
613	303	4
616	311	4
619	314	4
622	273	4
626	271	4
629	247	4
632	287	4
635	300	4
638	315	4
641	315	4
644	312	4
647	348	4
650	308	4
653	317	4
656	306	4
659	319	4
662	344	4
665	294	4
668	300	4
672	323	4
675	314	4
678	288	4
681	339	4
684	284	4
687	284	4
690	287	4
693	325	4
696	334	4
699	291	4
702	300	4
705	274	4
708	296	4
711	356	4
714	310	4
718	269	4
721	295	4
724	206	4
727	330	4
730	329	4
733	336	4
736	283	4
739	306	4
742	328	4
745	312	4
748	193	4
751	279	4
754	268	4
757	226	4
760	307	4
764	324	4
767	325	4
770	303	4
773	323	4
776	306	4
779	297	4
782	325	4
785	309	4
788	308	4
791	292	4
794	342	4
797	286	4
800	296	4
803	231	4
806	238	4
810	313	4
813	306	4
816	306	4
819	248	4
822	305	4
825	327	4
828	310	4
831	277	4
834	295	4
837	209	4
840	324	4
843	303	4
846	300	4
849	325	4
852	299	4
856	307	4
859	327	4
862	252	4
865	329	4
868	310	4
871	291	4
874	279	4
877	288	4
880	316	4
883	235	4
886	298	4
889	326	4
892	204	4
895	318	4
898	318	4
902	230	4
905	279	4
908	297	4
911	292	4
914	320	4
917	322	4
920	314	4
923	311	4
926	337	4
929	283	4
932	230	4
935	296	4
938	247	4
941	296	4
944	280	4
948	296	4
951	286	4
954	329	4
957	287	4
960	228	4
963	349	4
966	279	4
969	303	4
972	302	4
975	325	4
978	306	4
981	280	4
984	306	4
987	325	4
990	307	4
994	282	4
997	256	4
1000	299	4
1003	323	4
1006	310	4
1009	301	4
1012	306	4
1015	308	4
1018	320	4
1021	326	4
1024	229	4
1027	339	4
1030	277	4
1033	329	4
1036	304	4
1040	294	4
1043	254	4
1046	313	4
1049	285	4
1052	329	4
1055	307	4
1058	306	4
1061	313	4
1064	307	4
1067	303	4
1070	313	4
1073	306	4
1076	254	4
1079	312	4
1082	311	4
1086	284	4
1089	320	4
1092	275	4
1095	323	4
1098	325	4
1101	347	4
1104	317	4
1107	325	4
1110	300	4
1113	342	4
1116	284	4
1119	235	4
1122	315	4
1125	309	4
1128	306	4
1132	303	4
1135	281	4
1138	316	4
1141	319	4
1144	306	4
1147	318	4
1150	326	4
1153	319	4
1156	328	4
1159	263	4
1162	317	4
1165	317	4
1168	321	4
1171	331	4
1174	318	4
1178	295	4
1181	308	4
1184	306	4
1187	306	4
1190	301	4
1193	293	4
1196	291	4
1199	306	4
1202	315	4
1205	299	4
1208	258	4
1211	333	4
1214	317	4
1217	331	4
1221	317	4
1224	313	4
1227	312	4
1230	303	4
1233	338	4
1236	312	4
1239	341	4
1242	312	4
1245	223	4
1248	323	4
1251	320	4
1254	307	4
1257	316	4
1260	334	4
1263	291	4
1266	332	4
1270	296	4
1273	313	4
1276	240	4
1279	267	4
1282	288	4
1285	314	4
1288	309	4
1291	321	4
1294	316	4
1297	328	4
1300	240	4
1303	281	4
1306	309	4
1309	308	4
1312	340	4
1316	276	4
1319	265	4
1322	269	4
1325	319	4
1328	330	4
1331	315	4
1334	328	4
1337	302	4
1340	300	4
1343	323	4
1346	335	4
1349	346	4
1352	321	4
1355	338	4
1358	346	4
1362	323	4
1365	288	4
1368	326	4
1371	342	4
1374	312	4
1377	276	4
1380	345	4
1383	262	4
1386	318	4
1389	307	4
1392	307	4
1395	329	4
1398	332	4
1401	302	4
1404	331	4
1408	310	4
1411	314	4
1414	314	4
1417	294	4
1420	322	4
1423	301	4
1426	348	4
1429	321	4
1432	306	4
1435	294	4
1438	335	4
1441	281	4
1444	243	4
1447	235	4
1450	337	4
1454	302	4
1457	320	4
1460	335	4
1463	261	4
1466	299	4
1469	324	4
1472	311	4
1475	287	4
1478	226	4
1481	328	4
1484	308	4
1487	274	4
1490	308	4
1493	299	4
1496	307	4
1500	181	4
1503	287	4
1506	320	4
1509	275	4
1512	320	4
1515	318	4
1518	313	4
1521	321	4
1524	312	4
1527	323	4
1530	272	4
1533	265	4
1536	333	4
1539	310	4
1542	288	4
1546	328	4
1549	249	4
1552	309	4
1555	303	4
1558	275	4
1561	316	4
1564	327	4
1567	315	4
1570	303	4
1573	295	4
1576	261	4
1579	334	4
1582	298	4
1585	261	4
1588	318	4
1592	315	4
1595	297	4
1598	286	4
1601	313	4
1604	323	4
1607	301	4
1610	280	4
1613	323	4
1616	327	4
1619	280	4
1622	297	4
1625	308	4
1628	294	4
1631	215	4
1634	316	4
1638	321	4
1641	296	4
1644	307	4
1647	322	4
1650	308	4
1653	308	4
1656	324	4
1659	231	4
1662	296	4
1665	295	4
1668	272	4
1671	320	4
1674	289	4
1677	274	4
1680	327	4
1684	316	4
1687	304	4
1690	284	4
1693	310	4
1696	279	4
1699	308	4
1702	283	4
1705	326	4
1708	245	4
1711	298	4
1714	255	4
1717	305	4
1720	317	4
1723	304	4
1726	292	4
1730	304	4
1733	296	4
1736	294	4
1739	294	4
1742	302	4
1745	296	4
1748	297	4
1751	327	4
1754	330	4
1757	284	4
1760	294	4
1763	304	4
1766	328	4
1769	306	4
1772	305	4
1776	315	4
1779	319	4
1782	304	4
1785	271	4
1788	259	4
1791	307	4
1794	272	4
1797	282	4
1800	307	4
1803	264	4
1806	262	4
1809	307	4
1812	294	4
1815	271	4
1818	325	4
1822	304	4
1825	280	4
1828	308	4
1831	314	4
1834	289	4
1837	346	4
1840	319	4
1843	312	4
1846	306	4
1849	306	4
1852	346	4
1855	341	4
1858	293	4
1861	297	4
1864	285	4
70	281	4
74	271	4
77	323	4
80	320	4
83	320	4
86	294	4
89	289	4
92	287	4
95	327	4
98	311	4
101	312	4
104	312	4
107	314	4
110	322	4
113	292	4
116	292	4
120	300	4
123	290	4
126	310	4
129	269	4
132	296	4
135	308	4
138	301	4
141	279	4
144	308	4
147	331	4
150	287	4
153	284	4
156	288	4
159	313	4
162	303	4
166	292	4
169	299	4
172	288	4
175	268	4
178	304	4
181	320	4
184	312	4
187	335	4
190	302	4
193	306	4
196	294	4
199	304	4
202	288	4
205	300	4
208	288	4
212	293	4
215	290	4
218	294	4
221	303	4
224	295	4
227	321	4
230	310	4
233	302	4
236	303	4
239	343	4
242	307	4
245	290	4
248	313	4
251	291	4
254	304	4
258	330	4
261	316	4
264	321	4
267	310	4
270	303	4
273	307	4
276	292	4
279	312	4
282	336	4
285	321	4
288	317	4
291	292	4
294	274	4
297	306	4
300	304	4
304	285	4
307	290	4
310	288	4
313	299	4
316	293	4
319	292	4
322	307	4
325	291	4
328	323	4
331	309	4
334	310	4
337	304	4
340	309	4
343	326	4
346	293	4
350	319	4
353	299	4
356	300	4
359	293	4
362	297	4
365	301	4
368	309	4
371	303	4
374	321	4
377	290	4
380	293	4
383	315	4
386	298	4
389	304	4
392	308	4
396	306	4
399	294	4
402	304	4
405	279	4
408	309	4
411	308	4
414	299	4
417	309	4
420	299	4
423	306	4
426	289	4
429	322	4
432	318	4
435	293	4
438	293	4
442	313	4
445	296	4
448	282	4
451	293	4
454	309	4
457	301	4
460	268	4
463	292	4
466	312	4
469	334	4
472	300	4
475	291	4
478	317	4
481	308	4
484	297	4
488	301	4
491	308	4
494	296	4
497	323	4
500	291	4
503	328	4
506	323	4
509	296	4
512	299	4
515	289	4
518	283	4
521	315	4
524	305	4
527	270	4
530	304	4
534	302	4
537	308	4
540	309	4
543	300	4
546	303	4
549	284	4
552	313	4
555	322	4
558	301	4
561	296	4
564	291	4
567	296	4
570	315	4
573	317	4
576	324	4
580	302	4
583	305	4
586	302	4
589	299	4
592	310	4
595	284	4
598	338	4
601	285	4
604	302	4
607	313	4
610	294	4
613	293	4
616	312	4
619	322	4
622	291	4
626	313	4
629	298	4
632	287	4
635	300	4
638	294	4
641	323	4
644	315	4
647	289	4
650	300	4
653	299	4
656	303	4
659	304	4
662	334	4
665	302	4
668	303	4
672	324	4
675	321	4
678	313	4
681	315	4
684	308	4
687	308	4
690	306	4
693	327	4
696	328	4
699	300	4
702	299	4
705	313	4
708	295	4
711	306	4
714	306	4
718	297	4
721	309	4
724	297	4
727	316	4
730	296	4
733	300	4
736	303	4
739	324	4
742	312	4
745	278	4
748	303	4
751	302	4
754	277	4
757	293	4
760	320	4
764	306	4
767	275	4
770	303	4
773	301	4
776	306	4
779	308	4
782	320	4
785	310	4
788	296	4
791	287	4
794	307	4
797	298	4
800	294	4
803	303	4
806	325	4
810	305	4
813	286	4
816	308	4
819	304	4
822	289	4
825	294	4
828	319	4
831	307	4
834	291	4
837	287	4
840	305	4
843	304	4
846	294	4
849	293	4
852	292	4
856	312	4
859	302	4
862	278	4
865	321	4
868	327	4
871	291	4
874	273	4
877	285	4
880	303	4
883	286	4
886	300	4
889	321	4
892	279	4
895	294	4
898	333	4
902	304	4
905	282	4
908	297	4
911	313	4
914	324	4
917	304	4
920	313	4
923	288	4
926	294	4
929	300	4
932	291	4
935	309	4
938	298	4
941	316	4
944	294	4
948	273	4
951	283	4
954	298	4
957	305	4
960	281	4
963	303	4
966	288	4
969	297	4
972	294	4
975	299	4
978	305	4
981	276	4
984	288	4
987	324	4
990	309	4
994	289	4
997	291	4
1000	278	4
1003	310	4
1006	293	4
1009	288	4
1012	301	4
1015	310	4
1018	303	4
1021	319	4
1024	314	4
1027	309	4
1030	308	4
1033	307	4
1036	293	4
1040	296	4
1043	308	4
1046	306	4
1049	286	4
1052	342	4
1055	303	4
1058	313	4
1061	292	4
1064	305	4
1067	307	4
1070	312	4
1073	311	4
1076	303	4
1079	290	4
1082	343	4
1086	283	4
1089	310	4
1092	296	4
1095	326	4
1098	310	4
1101	348	4
1104	311	4
1107	308	4
1110	296	4
1113	297	4
1116	297	4
1119	284	4
1122	288	4
1125	295	4
1128	315	4
1132	314	4
1135	285	4
1138	311	4
1141	319	4
1144	309	4
1147	306	4
1150	276	4
1153	335	4
1156	302	4
1159	299	4
1162	323	4
1165	303	4
1168	308	4
1171	325	4
1174	312	4
1178	285	4
1181	303	4
1184	285	4
1187	277	4
1190	284	4
1193	267	4
1196	299	4
1199	273	4
1202	295	4
1205	276	4
1208	303	4
1211	302	4
1214	299	4
1217	292	4
1221	286	4
1224	301	4
1227	288	4
1230	317	4
1233	290	4
1236	323	4
1239	340	4
1242	297	4
1245	303	4
1248	316	4
1251	323	4
1254	305	4
1257	331	4
1260	327	4
1263	313	4
1266	302	4
1270	295	4
1273	299	4
1276	310	4
1279	325	4
1282	329	4
1285	297	4
1288	299	4
1291	308	4
1294	309	4
1297	302	4
1300	311	4
1303	304	4
1306	304	4
1309	300	4
1312	322	4
1316	317	4
1319	315	4
1322	318	4
1325	307	4
1328	327	4
1331	306	4
1334	303	4
1337	286	4
1340	285	4
1343	299	4
1346	301	4
1349	299	4
1352	310	4
1355	317	4
1358	308	4
1362	304	4
1365	289	4
1368	312	4
1371	323	4
1374	300	4
1377	275	4
1380	325	4
1383	307	4
1386	290	4
1389	305	4
1392	298	4
1395	318	4
1398	280	4
1401	300	4
1404	316	4
1408	330	4
1411	309	4
1414	311	4
1417	318	4
1420	302	4
1423	331	4
1426	346	4
1429	316	4
1432	308	4
1435	272	4
1438	311	4
1441	271	4
1444	308	4
1447	335	4
1450	318	4
1454	333	4
1457	288	4
1460	316	4
1463	338	4
1466	303	4
1469	295	4
1472	313	4
1475	313	4
1478	300	4
1481	309	4
1484	314	4
1487	306	4
1490	316	4
1493	284	4
1496	331	4
1500	304	4
1503	284	4
1506	332	4
1509	308	4
1512	311	4
1515	296	4
1518	314	4
1521	303	4
1524	297	4
1527	318	4
1530	294	4
1533	294	4
1536	316	4
1539	307	4
1542	297	4
1546	317	4
1549	300	4
1552	285	4
1555	285	4
1558	300	4
1561	298	4
1564	301	4
1567	307	4
1570	321	4
1573	301	4
1576	321	4
1579	296	4
1582	305	4
1585	324	4
1588	325	4
1592	317	4
1595	323	4
1598	298	4
1601	309	4
1604	328	4
1607	314	4
1610	290	4
1613	305	4
1616	338	4
1619	311	4
1622	305	4
1625	330	4
1628	313	4
1631	320	4
1634	302	4
1638	334	4
1641	312	4
1644	322	4
1647	318	4
1650	305	4
1653	307	4
1656	323	4
1659	340	4
1662	303	4
1665	326	4
1668	323	4
1671	331	4
1674	305	4
1677	353	4
1680	331	4
1684	310	4
1687	312	4
1690	297	4
1693	305	4
1696	303	4
1699	325	4
1702	350	4
1705	297	4
1708	335	4
1711	319	4
1714	321	4
1717	298	4
1720	326	4
1723	286	4
1726	301	4
1730	306	4
1733	305	4
1736	295	4
1739	308	4
1742	319	4
1745	315	4
1748	303	4
1751	302	4
1754	314	4
1757	307	4
1760	313	4
1763	313	4
1766	336	4
1769	327	4
1772	310	4
1776	336	4
1779	322	4
1782	306	4
1785	288	4
1788	323	4
1791	281	4
1794	315	4
1797	295	4
1800	336	4
1803	311	4
1806	319	4
1809	316	4
1812	298	4
1815	319	4
1818	340	4
1822	301	4
1825	339	4
1828	334	4
1831	328	4
1834	310	4
1837	320	4
1840	361	4
1843	309	4
1846	299	4
1849	301	4
1852	332	4
1855	339	4
1858	306	4
1861	312	4
1864	297	4
70	303	4
74	296	4
77	275	4
80	300	4
83	308	4
86	293	4
89	307	4
92	309	4
95	303	4
98	308	4
101	305	4
104	295	4
107	322	4
110	324	4
113	301	4
116	327	4
120	284	4
123	334	4
126	289	4
129	277	4
132	331	4
135	298	4
138	327	4
141	309	4
144	321	4
147	334	4
150	303	4
153	301	4
156	309	4
159	322	4
162	303	4
166	316	4
169	308	4
172	321	4
175	321	4
178	326	4
181	317	4
184	346	4
187	348	4
190	329	4
193	301	4
196	325	4
199	326	4
202	303	4
205	306	4
208	310	4
212	313	4
215	334	4
218	314	4
221	314	4
224	322	4
227	296	4
230	294	4
233	313	4
236	327	4
239	336	4
242	346	4
245	293	4
248	313	4
251	320	4
254	331	4
258	292	4
261	274	4
264	344	4
267	313	4
270	323	4
273	312	4
276	327	4
279	302	4
282	301	4
285	306	4
288	302	4
291	331	4
294	315	4
297	304	4
300	322	4
304	316	4
307	300	4
310	298	4
313	299	4
316	313	4
319	300	4
322	307	4
325	306	4
328	307	4
331	312	4
334	297	4
337	311	4
340	306	4
343	324	4
346	306	4
350	330	4
353	311	4
356	302	4
359	273	4
362	285	4
365	297	4
368	308	4
371	301	4
374	277	4
377	292	4
380	297	4
383	269	4
386	262	4
389	304	4
392	290	4
396	303	4
399	289	4
402	278	4
405	286	4
408	312	4
411	284	4
414	298	4
417	325	4
420	294	4
423	318	4
426	311	4
429	288	4
432	325	4
435	286	4
438	321	4
442	299	4
445	305	4
448	302	4
451	283	4
454	329	4
457	304	4
460	278	4
463	328	4
466	279	4
469	348	4
472	276	4
475	302	4
478	281	4
481	300	4
484	314	4
488	310	4
491	315	4
494	283	4
497	332	4
500	297	4
503	289	4
506	316	4
509	288	4
512	278	4
515	317	4
518	232	4
521	306	4
524	292	4
527	276	4
530	328	4
534	288	4
537	299	4
540	315	4
543	288	4
546	278	4
549	297	4
552	306	4
555	285	4
558	294	4
561	304	4
564	295	4
567	332	4
570	295	4
573	308	4
576	273	4
580	317	4
583	306	4
586	304	4
589	309	4
592	290	4
595	282	4
598	305	4
601	266	4
604	323	4
607	298	4
610	287	4
613	313	4
616	290	4
619	315	4
622	320	4
626	299	4
629	283	4
632	267	4
635	305	4
638	300	4
641	314	4
644	301	4
647	301	4
650	292	4
653	311	4
656	299	4
659	318	4
662	328	4
665	287	4
668	341	4
672	317	4
675	327	4
678	300	4
681	340	4
684	299	4
687	317	4
690	278	4
693	299	4
696	344	4
699	303	4
702	289	4
705	297	4
708	306	4
711	304	4
714	257	4
718	297	4
721	344	4
724	265	4
727	293	4
730	299	4
733	305	4
736	288	4
739	340	4
742	313	4
745	298	4
748	262	4
751	287	4
754	282	4
757	297	4
760	307	4
764	296	4
767	344	4
770	300	4
773	312	4
776	289	4
779	323	4
782	289	4
785	338	4
788	312	4
791	289	4
794	323	4
797	300	4
800	293	4
803	338	4
806	290	4
810	302	4
813	291	4
816	322	4
819	241	4
822	275	4
825	289	4
828	281	4
831	312	4
834	289	4
837	270	4
840	330	4
843	326	4
846	293	4
849	317	4
852	318	4
856	304	4
859	291	4
862	290	4
865	334	4
868	330	4
871	248	4
874	301	4
877	281	4
880	301	4
883	302	4
886	299	4
889	320	4
892	276	4
895	323	4
898	284	4
902	326	4
905	300	4
908	300	4
911	262	4
914	335	4
917	303	4
920	272	4
923	305	4
926	311	4
929	305	4
932	311	4
935	256	4
938	327	4
941	318	4
944	301	4
948	282	4
951	297	4
954	318	4
957	305	4
960	295	4
963	320	4
966	289	4
969	297	4
972	271	4
975	298	4
978	300	4
981	308	4
984	291	4
987	327	4
990	296	4
994	306	4
997	310	4
1000	320	4
1003	331	4
1006	267	4
1009	317	4
1012	318	4
1015	295	4
1018	290	4
1021	312	4
1024	313	4
1027	322	4
1030	304	4
1033	306	4
1036	291	4
1040	283	4
1043	308	4
1046	302	4
1049	266	4
1052	328	4
1055	303	4
1058	317	4
1061	304	4
1064	323	4
1067	294	4
1070	292	4
1073	296	4
1076	314	4
1079	303	4
1082	355	4
1086	292	4
1089	307	4
1092	291	4
1095	322	4
1098	319	4
1101	302	4
1104	355	4
1107	336	4
1110	308	4
1113	324	4
1116	281	4
1119	299	4
1122	325	4
1125	331	4
1128	326	4
1132	328	4
1135	300	4
1138	298	4
1141	307	4
1144	320	4
1147	303	4
1150	282	4
1153	307	4
1156	324	4
1159	299	4
1162	284	4
1165	322	4
1168	282	4
1171	322	4
1174	300	4
1178	282	4
1181	273	4
1184	322	4
1187	305	4
1190	309	4
1193	304	4
1196	323	4
1199	292	4
1202	316	4
1205	307	4
1208	289	4
1211	328	4
1214	307	4
1217	299	4
1221	333	4
1224	300	4
1227	334	4
1230	329	4
1233	332	4
1236	315	4
1239	346	4
1242	300	4
1245	303	4
1248	300	4
1251	332	4
1254	301	4
1257	336	4
1260	317	4
1263	319	4
1266	292	4
1270	308	4
1273	328	4
1276	293	4
1279	298	4
1282	316	4
1285	299	4
1288	304	4
1291	283	4
1294	298	4
1297	298	4
1300	304	4
1303	306	4
1306	317	4
1309	298	4
1312	296	4
1316	304	4
1319	294	4
1322	303	4
1325	292	4
1328	318	4
1331	300	4
1334	328	4
1337	292	4
1340	310	4
1343	290	4
1346	307	4
1349	330	4
1352	315	4
1355	320	4
1358	292	4
1362	327	4
1365	302	4
1368	311	4
1371	330	4
1374	297	4
1377	279	4
1380	322	4
1383	277	4
1386	302	4
1389	305	4
1392	323	4
1395	307	4
1398	297	4
1401	304	4
1404	314	4
1408	315	4
1411	312	4
1414	322	4
1417	323	4
1420	304	4
1423	330	4
1426	319	4
1429	322	4
1432	329	4
1435	302	4
1438	328	4
1441	279	4
1444	297	4
1447	350	4
1450	307	4
1454	310	4
1457	284	4
1460	298	4
1463	288	4
1466	305	4
1469	331	4
1472	299	4
1475	308	4
1478	280	4
1481	315	4
1484	325	4
1487	311	4
1490	305	4
1493	297	4
1496	352	4
1500	310	4
1503	277	4
1506	298	4
1509	305	4
1512	323	4
1515	301	4
1518	329	4
1521	327	4
1524	326	4
1527	321	4
1530	313	4
1533	318	4
1536	319	4
1539	318	4
1542	320	4
1546	313	4
1549	248	4
1552	310	4
1555	327	4
1558	299	4
1561	314	4
1564	330	4
1567	282	4
1570	331	4
1573	294	4
1576	336	4
1579	295	4
1582	326	4
1585	302	4
1588	305	4
1592	298	4
1595	292	4
1598	305	4
1601	320	4
1604	350	4
1607	339	4
1610	312	4
1613	308	4
1616	324	4
1619	325	4
1622	296	4
1625	331	4
1628	321	4
1631	318	4
1634	308	4
1638	326	4
1641	289	4
1644	265	4
1647	334	4
1650	315	4
1653	292	4
1656	288	4
1659	305	4
1662	307	4
1665	313	4
1668	336	4
1671	312	4
1674	291	4
1677	366	4
1680	320	4
1684	328	4
1687	334	4
1690	320	4
1693	330	4
1696	318	4
1699	310	4
1702	331	4
1705	314	4
1708	302	4
1711	308	4
1714	329	4
1717	321	4
1720	317	4
1723	295	4
1726	312	4
1730	318	4
1733	315	4
1736	317	4
1739	298	4
1742	286	4
1745	315	4
1748	281	4
1751	320	4
1754	319	4
1757	310	4
1760	314	4
1763	330	4
1766	289	4
1769	334	4
1772	335	4
1776	346	4
1779	359	4
1782	311	4
1785	323	4
1788	333	4
1791	342	4
1794	319	4
1797	265	4
1800	306	4
1803	287	4
1806	339	4
1809	310	4
1812	309	4
1815	314	4
1818	352	4
1822	301	4
1825	340	4
1828	334	4
1831	318	4
1834	304	4
1837	271	4
1840	372	4
1843	299	4
1846	320	4
1849	317	4
1852	297	4
1855	338	4
1858	304	4
1861	296	4
1864	297	4
