70	315	4
82	334	4
94	346	4
105	338	4
117	337	4
128	324	4
140	338	4
152	350	4
163	308	4
175	322	4
186	310	4
198	328	4
209	325	4
221	316	4
233	345	4
244	313	4
256	313	4
267	310	4
279	317	4
290	308	4
302	303	4
314	303	4
325	322	4
337	348	4
348	308	4
360	307	4
372	342	4
383	330	4
395	323	4
406	308	4
418	285	4
429	319	4
441	332	4
453	326	4
464	309	4
476	326	4
487	341	4
499	333	4
510	318	4
522	326	4
534	308	4
545	311	4
557	322	4
568	329	4
580	322	4
592	323	4
603	312	4
615	322	4
626	314	4
638	339	4
649	302	4
661	329	4
673	322	4
684	315	4
696	323	4
707	289	4
719	296	4
730	310	4
