70	298	4
74	310	4
77	308	4
81	302	4
84	297	4
88	310	4
91	331	4
95	326	4
98	291	4
102	319	4
105	310	4
109	309	4
112	313	4
115	291	4
119	321	4
122	315	4
126	297	4
129	305	4
133	309	4
136	292	4
140	314	4
143	309	4
147	272	4
150	295	4
153	300	4
157	335	4
160	296	4
164	301	4
167	322	4
171	291	4
174	312	4
178	302	4
181	308	4
185	294	4
188	307	4
191	301	4
195	309	4
198	317	4
202	297	4
205	297	4
209	299	4
212	305	4
216	275	4
219	304	4
223	301	4
226	318	4
229	285	4
233	281	4
236	297	4
240	298	4
243	308	4
247	283	4
250	324	4
254	294	4
257	263	4
261	277	4
264	306	4
267	293	4
271	325	4
274	296	4
278	297	4
281	303	4
285	302	4
288	309	4
292	274	4
295	300	4
299	292	4
302	284	4
305	312	4
309	289	4
312	307	4
316	285	4
319	306	4
323	313	4
326	310	4
330	309	4
333	334	4
337	321	4
340	306	4
343	280	4
347	298	4
350	306	4
354	292	4
357	300	4
361	339	4
364	297	4
368	295	4
371	302	4
375	296	4
378	301	4
381	307	4
385	300	4
388	311	4
392	283	4
395	308	4
399	305	4
402	275	4
406	298	4
409	293	4
413	299	4
416	294	4
420	288	4
423	303	4
426	282	4
430	310	4
433	283	4
437	326	4
440	308	4
444	298	4
447	312	4
451	321	4
454	338	4
458	290	4
461	336	4
464	317	4
468	306	4
471	324	4
475	328	4
478	325	4
482	302	4
485	297	4
489	313	4
492	321	4
496	343	4
499	296	4
502	301	4
506	305	4
509	330	4
513	319	4
516	315	4
520	324	4
523	325	4
527	307	4
530	340	4
534	319	4
537	310	4
540	295	4
544	308	4
547	319	4
551	294	4
554	304	4
558	311	4
561	294	4
565	322	4
568	289	4
572	309	4
575	312	4
578	305	4
582	340	4
585	322	4
589	316	4
592	307	4
596	289	4
599	320	4
603	299	4
606	327	4
610	316	4
613	305	4
616	309	4
620	339	4
623	311	4
627	247	4
630	293	4
634	318	4
637	300	4
641	326	4
644	303	4
648	309	4
651	308	4
654	302	4
658	322	4
661	312	4
665	250	4
668	298	4
672	308	4
675	298	4
679	322	4
682	322	4
686	298	4
689	291	4
692	298	4
696	325	4
699	349	4
703	305	4
706	304	4
710	337	4
713	300	4
717	304	4
720	303	4
724	333	4
727	303	4
730	310	4
