70	307	4
73	299	4
76	306	4
79	316	4
82	309	4
85	281	4
88	307	4
91	312	4
94	303	4
96	312	4
99	301	4
102	304	4
105	285	4
108	315	4
111	302	4
114	324	4
117	307	4
119	307	4
122	304	4
125	296	4
128	298	4
131	303	4
134	289	4
137	305	4
140	297	4
143	306	4
145	282	4
148	301	4
151	300	4
154	298	4
157	295	4
160	310	4
163	291	4
166	309	4
168	299	4
171	296	4
174	315	4
177	308	4
180	301	4
183	277	4
186	245	4
189	236	4
192	273	4
194	312	4
197	243	4
200	271	4
203	323	4
206	291	4
209	291	4
212	226	4
215	273	4
217	261	4
220	297	4
223	287	4
226	301	4
229	293	4
232	324	4
235	322	4
238	286	4
241	306	4
243	309	4
246	301	4
249	306	4
252	296	4
255	323	4
258	287	4
261	290	4
264	296	4
266	288	4
269	308	4
272	316	4
275	288	4
278	329	4
281	295	4
284	312	4
287	311	4
290	303	4
292	315	4
295	296	4
298	321	4
301	301	4
304	307	4
307	320	4
310	331	4
313	299	4
315	300	4
318	304	4
321	301	4
324	329	4
327	346	4
330	331	4
333	328	4
336	265	4
339	296	4
341	275	4
344	292	4
347	293	4
350	317	4
353	294	4
356	302	4
359	311	4
362	306	4
364	283	4
367	287	4
370	319	4
373	291	4
376	303	4
379	311	4
382	284	4
385	275	4
388	298	4
390	301	4
393	273	4
396	323	4
399	322	4
402	286	4
405	293	4
408	295	4
411	278	4
413	261	4
416	316	4
419	297	4
422	261	4
425	295	4
428	288	4
431	312	4
434	277	4
437	303	4
439	296	4
442	302	4
445	309	4
448	288	4
451	298	4
454	312	4
457	272	4
460	293	4
462	288	4
465	298	4
468	317	4
471	280	4
474	333	4
477	312	4
480	283	4
483	276	4
486	281	4
488	286	4
491	299	4
494	276	4
497	307	4
500	287	4
503	290	4
506	312	4
509	279	4
511	276	4
514	295	4
517	276	4
520	319	4
523	307	4
526	286	4
529	280	4
532	276	4
535	272	4
537	309	4
540	276	4
543	260	4
546	281	4
549	296	4
552	297	4
555	283	4
558	298	4
560	263	4
563	307	4
566	315	4
569	294	4
572	250	4
575	312	4
578	319	4
581	319	4
584	293	4
586	279	4
589	295	4
592	322	4
595	276	4
598	308	4
601	285	4
604	308	4
607	296	4
609	298	4
612	286	4
615	310	4
618	309	4
621	280	4
624	308	4
627	307	4
630	313	4
633	288	4
635	312	4
638	296	4
641	287	4
644	297	4
647	280	4
650	276	4
653	270	4
656	302	4
658	285	4
661	318	4
664	295	4
667	292	4
670	320	4
673	285	4
676	295	4
679	316	4
682	307	4
684	302	4
687	298	4
690	268	4
693	279	4
696	308	4
699	312	4
702	289	4
705	307	4
707	310	4
710	316	4
713	300	4
716	286	4
719	305	4
722	290	4
725	269	4
728	317	4
730	284	4
