70	302	4
73	299	4
76	320	4
79	283	4
82	311	4
85	312	4
88	285	4
91	301	4
94	332	4
97	299	4
100	297	4
102	296	4
105	327	4
108	306	4
111	315	4
114	304	4
117	306	4
120	305	4
123	328	4
126	296	4
129	311	4
131	298	4
134	300	4
137	314	4
140	319	4
143	324	4
146	355	4
149	317	4
152	321	4
155	307	4
158	313	4
161	320	4
163	315	4
166	359	4
169	337	4
172	315	4
175	320	4
178	304	4
181	350	4
184	342	4
187	291	4
190	315	4
192	310	4
195	297	4
198	300	4
201	328	4
204	329	4
207	307	4
210	328	4
213	275	4
216	316	4
219	308	4
222	272	4
224	298	4
227	328	4
230	325	4
233	333	4
236	326	4
239	314	4
242	303	4
245	301	4
248	296	4
251	305	4
253	302	4
256	291	4
259	293	4
262	290	4
265	335	4
268	289	4
271	302	4
274	336	4
277	296	4
280	307	4
283	302	4
285	312	4
288	316	4
291	307	4
294	277	4
297	292	4
300	294	4
303	288	4
306	292	4
309	277	4
312	283	4
314	301	4
317	320	4
320	281	4
323	267	4
326	303	4
329	329	4
332	292	4
335	305	4
338	272	4
341	288	4
344	319	4
346	290	4
349	319	4
352	302	4
355	303	4
358	315	4
361	292	4
364	270	4
367	285	4
370	305	4
373	296	4
375	273	4
378	283	4
381	292	4
384	279	4
387	275	4
390	303	4
393	285	4
396	287	4
399	299	4
402	294	4
404	292	4
407	325	4
410	282	4
413	325	4
416	303	4
419	308	4
422	298	4
425	253	4
428	296	4
431	285	4
434	282	4
436	304	4
439	275	4
442	273	4
445	305	4
448	277	4
451	325	4
454	275	4
457	289	4
460	290	4
463	297	4
465	293	4
468	316	4
471	306	4
474	299	4
477	308	4
480	284	4
483	295	4
486	309	4
489	328	4
492	301	4
495	307	4
497	297	4
500	314	4
503	330	4
506	299	4
509	282	4
512	292	4
515	342	4
518	294	4
521	296	4
524	278	4
526	303	4
529	291	4
532	283	4
535	293	4
538	280	4
541	305	4
544	267	4
547	279	4
550	272	4
553	301	4
556	300	4
558	286	4
561	296	4
564	291	4
567	284	4
570	314	4
573	335	4
576	306	4
579	286	4
582	316	4
585	275	4
587	291	4
590	304	4
593	277	4
596	288	4
599	280	4
602	272	4
605	292	4
608	330	4
611	284	4
614	327	4
617	301	4
619	301	4
622	282	4
625	263	4
628	270	4
631	322	4
634	317	4
637	292	4
640	286	4
643	295	4
646	311	4
648	295	4
651	299	4
654	292	4
657	316	4
660	328	4
663	274	4
666	261	4
669	308	4
672	285	4
675	331	4
678	292	4
680	295	4
683	288	4
686	308	4
689	310	4
692	296	4
695	293	4
698	309	4
701	302	4
704	259	4
707	288	4
709	304	4
712	288	4
715	305	4
718	346	4
721	318	4
724	267	4
727	296	4
730	287	4
733	302	4
736	285	4
738	295	4
741	289	4
744	296	4
747	290	4
750	315	4
753	280	4
756	290	4
759	325	4
762	286	4
765	273	4
768	270	4
770	290	4
773	271	4
776	307	4
779	283	4
782	324	4
785	301	4
788	273	4
791	247	4
794	298	4
797	319	4
799	299	4
802	255	4
805	294	4
808	302	4
811	303	4
814	290	4
817	292	4
820	322	4
823	335	4
826	287	4
829	294	4
831	287	4
834	298	4
837	304	4
840	276	4
843	330	4
846	306	4
849	287	4
852	260	4
855	286	4
858	310	4
860	304	4
863	290	4
866	277	4
869	288	4
872	289	4
875	306	4
878	281	4
881	305	4
884	270	4
887	286	4
890	296	4
892	291	4
895	300	4
898	329	4
901	335	4
904	308	4
907	307	4
910	287	4
913	249	4
916	295	4
919	301	4
921	316	4
924	287	4
927	313	4
930	285	4
933	314	4
936	288	4
939	290	4
942	277	4
945	265	4
948	303	4
951	300	4
953	294	4
956	312	4
959	318	4
962	310	4
965	297	4
968	295	4
971	274	4
974	277	4
977	312	4
980	297	4
982	293	4
985	278	4
988	287	4
991	291	4
994	291	4
997	297	4
1000	273	4
1003	324	4
1006	301	4
1009	288	4
1012	298	4
1014	293	4
1017	317	4
1020	285	4
1023	277	4
1026	295	4
1029	306	4
1032	307	4
1035	276	4
1038	301	4
1041	329	4
1043	269	4
1046	316	4
1049	284	4
1052	295	4
1055	272	4
1058	304	4
1061	308	4
1064	298	4
1067	267	4
1070	308	4
1072	282	4
