70	307	4
79	296	4
87	311	4
96	304	4
104	320	4
112	328	4
121	305	4
129	262	4
137	298	4
146	282	4
154	293	4
162	288	4
171	312	4
179	323	4
187	284	4
196	300	4
204	270	4
213	295	4
221	287	4
229	308	4
238	296	4
246	332	4
254	326	4
263	304	4
271	319	4
279	299	4
288	312	4
296	309	4
304	305	4
313	333	4
321	299	4
329	296	4
338	324	4
346	307	4
355	287	4
363	318	4
371	335	4
380	272	4
388	302	4
396	310	4
405	310	4
413	312	4
421	313	4
430	297	4
438	319	4
446	303	4
455	300	4
463	297	4
472	277	4
480	336	4
488	312	4
497	292	4
505	302	4
513	295	4
522	310	4
530	328	4
538	320	4
547	320	4
555	324	4
563	312	4
572	297	4
580	298	4
588	322	4
597	325	4
605	312	4
614	300	4
622	294	4
630	317	4
639	315	4
647	322	4
655	317	4
664	322	4
672	292	4
680	317	4
689	309	4
697	313	4
705	298	4
714	312	4
722	262	4
730	297	4
