70	318	4
73	318	4
76	311	4
79	314	4
82	293	4
85	289	4
88	316	4
91	312	4
94	306	4
97	299	4
100	315	4
103	291	4
106	299	4
109	277	4
112	296	4
115	308	4
118	285	4
121	331	4
124	288	4
127	321	4
130	310	4
133	309	4
136	313	4
139	295	4
142	310	4
145	306	4
148	320	4
151	315	4
154	310	4
157	307	4
160	305	4
163	299	4
166	317	4
169	312	4
172	301	4
175	303	4
178	309	4
181	299	4
184	314	4
187	316	4
190	291	4
193	320	4
196	309	4
199	355	4
202	313	4
205	331	4
208	294	4
211	319	4
214	324	4
217	313	4
220	294	4
223	292	4
226	318	4
229	295	4
232	289	4
235	302	4
238	312	4
241	324	4
244	300	4
247	295	4
250	309	4
253	295	4
256	303	4
259	305	4
262	319	4
265	308	4
268	304	4
271	299	4
274	308	4
277	311	4
280	296	4
283	273	4
286	325	4
289	292	4
291	322	4
294	301	4
297	308	4
300	316	4
303	325	4
306	306	4
309	286	4
312	316	4
315	334	4
318	313	4
321	309	4
324	315	4
327	311	4
330	306	4
333	325	4
336	299	4
339	321	4
342	330	4
345	316	4
348	321	4
351	313	4
354	308	4
357	319	4
360	312	4
363	321	4
366	296	4
369	306	4
372	310	4
375	308	4
378	301	4
381	310	4
384	282	4
387	332	4
390	333	4
393	297	4
396	307	4
399	302	4
402	305	4
405	300	4
408	294	4
411	311	4
414	326	4
417	316	4
420	293	4
423	301	4
426	291	4
429	310	4
432	315	4
435	287	4
438	301	4
441	322	4
444	298	4
447	299	4
450	304	4
453	310	4
456	271	4
459	295	4
462	328	4
465	312	4
468	265	4
471	318	4
474	306	4
477	310	4
480	329	4
483	311	4
486	306	4
489	317	4
492	312	4
495	279	4
498	303	4
501	306	4
504	317	4
507	298	4
510	306	4
512	321	4
515	318	4
518	327	4
521	316	4
524	308	4
527	295	4
530	306	4
533	301	4
536	305	4
539	318	4
542	324	4
545	309	4
548	307	4
551	309	4
554	301	4
557	305	4
560	312	4
563	311	4
566	312	4
569	312	4
572	305	4
575	287	4
578	304	4
581	329	4
584	325	4
587	310	4
590	312	4
593	306	4
596	313	4
599	309	4
602	323	4
605	323	4
608	316	4
611	306	4
614	298	4
617	305	4
620	296	4
623	305	4
626	302	4
629	319	4
632	298	4
635	306	4
638	319	4
641	311	4
644	317	4
647	308	4
650	303	4
653	309	4
656	320	4
659	310	4
662	312	4
665	320	4
668	304	4
671	307	4
674	295	4
677	312	4
680	292	4
683	321	4
686	319	4
689	306	4
692	297	4
695	306	4
698	312	4
701	299	4
704	302	4
707	312	4
710	315	4
713	293	4
716	295	4
719	317	4
722	302	4
725	315	4
728	303	4
730	322	4
