70	288	4
79	327	4
87	316	4
96	297	4
104	319	4
112	275	4
121	311	4
129	319	4
137	287	4
146	322	4
154	329	4
162	315	4
171	290	4
179	316	4
187	289	4
196	297	4
204	300	4
213	316	4
221	313	4
229	289	4
238	310	4
246	298	4
254	317	4
263	323	4
271	317	4
279	320	4
288	332	4
296	312	4
304	313	4
313	300	4
321	309	4
329	295	4
338	278	4
346	302	4
355	293	4
363	299	4
371	307	4
380	304	4
388	304	4
396	309	4
405	310	4
413	294	4
421	325	4
430	323	4
438	285	4
446	308	4
455	318	4
463	316	4
472	291	4
480	305	4
488	314	4
497	301	4
505	314	4
513	310	4
522	301	4
530	287	4
538	310	4
547	322	4
555	310	4
563	301	4
572	304	4
580	307	4
588	304	4
597	273	4
605	313	4
614	324	4
622	307	4
630	305	4
639	331	4
647	306	4
655	293	4
664	303	4
672	306	4
680	294	4
689	335	4
697	316	4
705	319	4
714	313	4
722	312	4
730	299	4
