70	311	4
75	311	4
80	305	4
84	314	4
89	322	4
93	319	4
98	300	4
103	313	4
107	294	4
112	297	4
116	323	4
121	314	4
125	323	4
130	298	4
135	295	4
139	291	4
144	304	4
148	305	4
153	309	4
158	338	4
162	323	4
167	344	4
171	312	4
176	316	4
180	314	4
185	328	4
190	306	4
194	291	4
199	289	4
203	290	4
208	331	4
213	337	4
217	318	4
222	303	4
226	338	4
231	332	4
235	303	4
240	345	4
245	304	4
249	312	4
254	315	4
258	298	4
263	309	4
268	325	4
272	362	4
277	312	4
281	327	4
286	332	4
290	321	4
295	333	4
300	336	4
304	308	4
309	289	4
313	350	4
318	314	4
323	323	4
327	312	4
332	329	4
336	297	4
341	312	4
345	308	4
350	296	4
355	327	4
359	304	4
364	302	4
368	306	4
373	312	4
378	284	4
382	312	4
387	291	4
391	305	4
396	299	4
400	327	4
405	276	4
410	296	4
414	293	4
419	302	4
423	267	4
428	319	4
433	319	4
437	304	4
442	298	4
446	342	4
451	336	4
455	293	4
460	296	4
465	283	4
469	325	4
474	317	4
478	335	4
483	263	4
488	296	4
492	292	4
497	290	4
501	306	4
506	309	4
510	289	4
515	311	4
520	315	4
524	326	4
529	335	4
533	293	4
538	315	4
543	317	4
547	295	4
552	317	4
556	313	4
561	314	4
565	313	4
570	282	4
575	297	4
579	309	4
584	300	4
588	315	4
593	303	4
598	307	4
602	303	4
607	300	4
611	274	4
616	286	4
620	305	4
625	297	4
630	286	4
634	311	4
639	307	4
643	291	4
648	272	4
653	307	4
657	309	4
662	343	4
666	315	4
671	289	4
675	303	4
680	286	4
685	291	4
689	296	4
694	312	4
698	300	4
703	282	4
708	305	4
712	292	4
717	285	4
721	303	4
726	289	4
730	314	4
