70	302	4
78	323	4
85	305	4
92	337	4
99	277	4
106	279	4
113	301	4
120	297	4
127	322	4
134	334	4
141	327	4
148	323	4
155	300	4
162	339	4
169	275	4
176	302	4
183	329	4
190	320	4
197	298	4
204	312	4
211	283	4
218	319	4
225	277	4
232	313	4
239	309	4
246	310	4
253	341	4
260	330	4
267	335	4
274	329	4
281	304	4
288	330	4
295	324	4
302	300	4
309	284	4
316	319	4
323	341	4
330	339	4
337	287	4
344	310	4
351	323	4
358	316	4
365	307	4
372	307	4
379	320	4
386	291	4
393	310	4
400	304	4
408	303	4
415	310	4
422	296	4
429	310	4
436	302	4
443	323	4
450	317	4
457	307	4
464	307	4
471	312	4
478	283	4
485	294	4
492	307	4
499	310	4
506	316	4
513	326	4
520	284	4
527	326	4
534	312	4
541	303	4
548	313	4
555	336	4
562	316	4
569	342	4
576	293	4
583	310	4
590	311	4
597	302	4
604	295	4
611	322	4
618	295	4
625	310	4
632	312	4
639	284	4
646	312	4
653	335	4
660	318	4
667	301	4
674	335	4
681	338	4
688	303	4
695	312	4
702	298	4
709	315	4
716	322	4
723	312	4
730	307	4
