70	273	4
74	297	4
77	324	4
80	317	4
83	296	4
86	308	4
89	323	4
92	298	4
95	309	4
98	290	4
101	290	4
104	279	4
107	288	4
110	299	4
113	255	4
116	307	4
119	301	4
122	303	4
125	322	4
128	323	4
131	311	4
134	302	4
137	315	4
140	320	4
143	329	4
146	320	4
149	321	4
152	285	4
155	283	4
158	314	4
161	291	4
164	318	4
167	300	4
170	359	4
173	311	4
176	356	4
179	320	4
183	316	4
186	335	4
189	329	4
192	334	4
195	358	4
198	377	4
201	284	4
204	345	4
207	315	4
210	311	4
213	329	4
216	335	4
219	313	4
222	323	4
225	343	4
228	319	4
231	310	4
234	304	4
237	325	4
240	318	4
243	342	4
246	312	4
249	294	4
252	328	4
255	304	4
258	312	4
261	333	4
264	298	4
267	327	4
270	312	4
273	339	4
276	301	4
279	305	4
282	302	4
285	280	4
288	299	4
292	316	4
295	324	4
298	310	4
301	286	4
304	322	4
307	352	4
310	320	4
313	313	4
316	319	4
319	324	4
322	327	4
325	320	4
328	288	4
331	301	4
334	306	4
337	328	4
340	268	4
343	290	4
346	296	4
349	326	4
352	313	4
355	327	4
358	299	4
361	305	4
364	310	4
367	299	4
370	325	4
373	320	4
376	349	4
379	330	4
382	295	4
385	313	4
388	314	4
391	303	4
394	315	4
397	317	4
400	322	4
404	300	4
407	322	4
410	303	4
413	296	4
416	317	4
419	295	4
422	326	4
425	288	4
428	326	4
431	310	4
434	306	4
437	312	4
440	317	4
443	325	4
446	324	4
449	326	4
452	343	4
455	335	4
458	333	4
461	302	4
464	311	4
467	316	4
470	305	4
473	319	4
476	282	4
479	297	4
482	329	4
485	337	4
488	314	4
491	321	4
494	340	4
497	313	4
500	340	4
503	324	4
506	335	4
509	309	4
513	317	4
516	334	4
519	327	4
522	298	4
525	329	4
528	332	4
531	316	4
534	331	4
537	326	4
540	309	4
543	315	4
546	310	4
549	313	4
552	326	4
555	295	4
558	315	4
561	281	4
564	319	4
567	346	4
570	328	4
573	299	4
576	307	4
579	297	4
582	318	4
585	295	4
588	283	4
591	302	4
594	303	4
597	314	4
600	290	4
603	309	4
606	300	4
609	303	4
612	292	4
615	310	4
618	306	4
622	302	4
625	315	4
628	330	4
631	322	4
634	327	4
637	329	4
640	321	4
643	314	4
646	316	4
649	328	4
652	318	4
655	304	4
658	302	4
661	341	4
664	327	4
667	314	4
670	326	4
673	318	4
676	297	4
679	300	4
682	309	4
685	300	4
688	327	4
691	308	4
694	301	4
697	313	4
700	328	4
703	295	4
706	320	4
709	313	4
712	308	4
715	315	4
718	328	4
721	325	4
724	294	4
727	298	4
730	328	4
