70	322	4
79	350	4
87	321	4
95	303	4
103	319	4
111	317	4
119	342	4
127	328	4
135	350	4
143	320	4
151	320	4
159	335	4
167	341	4
175	303	4
183	323	4
191	318	4
199	313	4
207	352	4
215	320	4
223	311	4
231	328	4
240	343	4
248	319	4
256	326	4
264	341	4
272	305	4
280	327	4
288	322	4
296	324	4
304	330	4
312	320	4
320	336	4
328	339	4
336	341	4
344	290	4
352	289	4
360	323	4
368	349	4
376	332	4
384	299	4
392	310	4
400	353	4
409	332	4
417	327	4
425	276	4
433	312	4
441	273	4
449	281	4
457	297	4
465	282	4
473	248	4
481	289	4
489	291	4
497	286	4
505	270	4
513	293	4
521	297	4
529	264	4
537	278	4
545	324	4
553	325	4
561	292	4
570	286	4
578	255	4
586	292	4
594	277	4
602	290	4
610	270	4
618	277	4
626	280	4
634	296	4
642	294	4
650	262	4
658	317	4
666	269	4
674	281	4
682	240	4
690	277	4
698	267	4
706	307	4
714	275	4
722	305	4
730	310	4
70	306	4
79	330	4
87	302	4
95	307	4
103	306	4
111	305	4
119	330	4
127	311	4
135	312	4
143	312	4
151	311	4
159	314	4
167	309	4
175	296	4
183	318	4
191	321	4
199	311	4
207	321	4
215	297	4
223	319	4
231	331	4
240	302	4
248	320	4
256	304	4
264	319	4
272	307	4
280	312	4
288	317	4
296	304	4
304	317	4
312	309	4
320	299	4
328	299	4
336	318	4
344	315	4
352	294	4
360	304	4
368	301	4
376	321	4
384	301	4
392	306	4
400	324	4
409	347	4
417	313	4
425	292	4
433	330	4
441	302	4
449	324	4
457	317	4
465	304	4
473	323	4
481	336	4
489	314	4
497	330	4
505	325	4
513	289	4
521	320	4
529	304	4
537	331	4
545	314	4
553	316	4
561	332	4
570	332	4
578	317	4
586	307	4
594	312	4
602	310	4
610	297	4
618	309	4
626	299	4
634	340	4
642	311	4
650	315	4
658	308	4
666	313	4
674	306	4
682	330	4
690	299	4
698	327	4
706	331	4
714	307	4
722	311	4
730	304	4
70	304	4
79	380	4
87	341	4
95	303	4
103	339	4
111	250	4
119	350	4
127	237	4
135	318	4
143	319	4
151	277	4
159	353	4
167	353	4
175	239	4
183	330	4
191	333	4
199	323	4
207	349	4
215	317	4
223	323	4
231	406	4
240	324	4
248	300	4
256	334	4
264	328	4
272	211	4
280	215	4
288	332	4
296	305	4
304	334	4
312	324	4
320	325	4
328	240	4
336	370	4
344	308	4
352	251	4
360	285	4
368	298	4
376	262	4
384	293	4
392	304	4
400	281	4
409	294	4
417	311	4
425	254	4
433	309	4
441	330	4
449	316	4
457	263	4
465	265	4
473	273	4
481	287	4
489	275	4
497	325	4
505	282	4
513	290	4
521	208	4
529	308	4
537	306	4
545	344	4
553	334	4
561	283	4
570	247	4
578	223	4
586	319	4
594	303	4
602	308	4
610	306	4
618	262	4
626	319	4
634	344	4
642	314	4
650	300	4
658	321	4
666	263	4
674	300	4
682	312	4
690	277	4
698	305	4
706	300	4
714	241	4
722	309	4
730	335	4
70	306	4
79	371	4
87	313	4
95	283	4
103	354	4
111	316	4
119	345	4
127	339	4
135	314	4
143	299	4
151	336	4
159	348	4
167	321	4
175	299	4
183	329	4
191	336	4
199	310	4
207	337	4
215	316	4
223	315	4
231	368	4
240	311	4
248	315	4
256	335	4
264	327	4
272	320	4
280	304	4
288	328	4
296	320	4
304	322	4
312	327	4
320	323	4
328	347	4
336	342	4
344	313	4
352	344	4
360	353	4
368	352	4
376	319	4
384	304	4
392	297	4
400	323	4
409	340	4
417	319	4
425	355	4
433	359	4
441	327	4
449	335	4
457	341	4
465	307	4
473	370	4
481	344	4
489	331	4
497	335	4
505	340	4
513	366	4
521	314	4
529	333	4
537	319	4
545	357	4
553	329	4
561	320	4
570	311	4
578	319	4
586	317	4
594	300	4
602	321	4
610	338	4
618	305	4
626	306	4
634	292	4
642	321	4
650	353	4
658	332	4
666	307	4
674	301	4
682	328	4
690	335	4
698	291	4
706	303	4
714	308	4
722	331	4
730	320	4
70	302	4
79	361	4
87	319	4
95	301	4
103	354	4
111	342	4
119	316	4
127	322	4
135	344	4
143	309	4
151	317	4
159	310	4
167	332	4
175	292	4
183	323	4
191	325	4
199	326	4
207	329	4
215	307	4
223	290	4
231	336	4
240	322	4
248	317	4
256	332	4
264	329	4
272	299	4
280	294	4
288	316	4
296	294	4
304	325	4
312	316	4
320	338	4
328	345	4
336	335	4
344	304	4
352	307	4
360	338	4
368	328	4
376	299	4
384	323	4
392	319	4
400	316	4
409	333	4
417	320	4
425	343	4
433	332	4
441	352	4
449	327	4
457	338	4
465	298	4
473	313	4
481	339	4
489	326	4
497	290	4
505	325	4
513	332	4
521	321	4
529	323	4
537	331	4
545	333	4
553	297	4
561	325	4
570	320	4
578	326	4
586	322	4
594	334	4
602	274	4
610	346	4
618	312	4
626	296	4
634	332	4
642	330	4
650	349	4
658	354	4
666	309	4
674	310	4
682	311	4
690	325	4
698	327	4
706	288	4
714	304	4
722	327	4
730	318	4
