70	301	4
87	305	4
103	300	4
120	298	4
136	287	4
153	290	4
169	297	4
186	297	4
202	309	4
219	311	4
235	304	4
252	311	4
268	309	4
285	290	4
301	248	4
318	218	4
334	300	4
351	236	4
367	315	4
384	264	4
400	326	4
417	240	4
433	259	4
450	270	4
466	244	4
483	219	4
499	244	4
516	249	4
532	262	4
549	256	4
565	286	4
582	286	4
598	260	4
615	269	4
631	307	4
648	274	4
664	253	4
681	295	4
697	286	4
714	266	4
730	299	4
70	333	4
87	316	4
103	324	4
120	333	4
136	297	4
153	309	4
169	304	4
186	318	4
202	318	4
219	313	4
235	314	4
252	322	4
268	303	4
285	308	4
301	288	4
318	318	4
334	294	4
351	293	4
367	315	4
384	302	4
400	311	4
417	334	4
433	306	4
450	303	4
466	301	4
483	297	4
499	314	4
516	315	4
532	314	4
549	318	4
565	294	4
582	330	4
598	296	4
615	308	4
631	329	4
648	298	4
664	292	4
681	304	4
697	274	4
714	305	4
730	265	4
70	322	4
87	314	4
103	272	4
120	354	4
136	250	4
153	300	4
169	285	4
186	237	4
202	294	4
219	280	4
235	290	4
252	297	4
268	303	4
285	279	4
301	293	4
318	313	4
334	302	4
351	271	4
367	306	4
384	301	4
400	295	4
417	185	4
433	312	4
450	284	4
466	312	4
483	296	4
499	294	4
516	250	4
532	259	4
549	279	4
565	305	4
582	327	4
598	248	4
615	282	4
631	284	4
648	260	4
664	283	4
681	297	4
697	283	4
714	243	4
730	302	4
70	318	4
87	299	4
103	289	4
120	327	4
136	296	4
153	308	4
169	312	4
186	302	4
202	295	4
219	307	4
235	296	4
252	303	4
268	296	4
285	299	4
301	299	4
318	305	4
334	303	4
351	278	4
367	309	4
384	288	4
400	318	4
417	281	4
433	297	4
450	302	4
466	290	4
483	293	4
499	301	4
516	275	4
532	277	4
549	294	4
565	317	4
582	293	4
598	283	4
615	274	4
631	300	4
648	294	4
664	272	4
681	276	4
697	298	4
714	279	4
730	299	4
70	298	4
87	283	4
103	314	4
120	325	4
136	298	4
153	297	4
169	294	4
186	315	4
202	322	4
219	300	4
235	289	4
252	300	4
268	305	4
285	306	4
301	313	4
318	278	4
334	296	4
351	273	4
367	282	4
384	291	4
400	296	4
417	271	4
433	263	4
450	301	4
466	278	4
483	290	4
499	276	4
516	295	4
532	289	4
549	274	4
565	287	4
582	289	4
598	300	4
615	304	4
631	303	4
648	277	4
664	282	4
681	293	4
697	319	4
714	291	4
730	308	4
