70	292	4
73	285	4
76	307	4
79	285	4
82	306	4
85	293	4
88	309	4
91	307	4
94	326	4
97	293	4
100	313	4
102	289	4
105	297	4
108	313	4
111	291	4
114	289	4
117	296	4
120	339	4
123	304	4
126	302	4
129	288	4
131	314	4
134	308	4
137	359	4
140	309	4
143	330	4
146	372	4
149	305	4
152	300	4
155	300	4
158	307	4
161	305	4
163	320	4
166	322	4
169	335	4
172	316	4
175	324	4
178	300	4
181	311	4
184	320	4
187	327	4
190	319	4
192	334	4
195	344	4
198	298	4
201	343	4
204	316	4
207	322	4
210	344	4
213	303	4
216	320	4
219	315	4
222	324	4
224	327	4
227	316	4
230	320	4
233	314	4
236	320	4
239	298	4
242	273	4
245	300	4
248	285	4
251	327	4
253	299	4
256	325	4
259	303	4
262	323	4
265	331	4
268	313	4
271	326	4
274	319	4
277	303	4
280	296	4
283	300	4
285	318	4
288	302	4
291	279	4
294	311	4
297	298	4
300	308	4
303	310	4
306	304	4
309	285	4
312	316	4
314	314	4
317	297	4
320	305	4
323	284	4
326	303	4
329	327	4
332	314	4
335	310	4
338	309	4
341	308	4
344	318	4
346	313	4
349	321	4
352	299	4
355	309	4
358	310	4
361	303	4
364	299	4
367	294	4
370	318	4
373	314	4
375	318	4
378	310	4
381	328	4
384	299	4
387	303	4
390	301	4
393	300	4
396	304	4
399	282	4
402	323	4
404	317	4
407	305	4
410	315	4
413	323	4
416	321	4
419	307	4
422	294	4
425	307	4
428	341	4
431	321	4
434	305	4
436	311	4
439	313	4
442	299	4
445	325	4
448	286	4
451	301	4
454	318	4
457	331	4
460	271	4
463	308	4
465	309	4
468	302	4
471	311	4
474	303	4
477	299	4
480	299	4
483	288	4
486	300	4
489	321	4
492	295	4
495	305	4
497	316	4
500	322	4
503	312	4
506	331	4
509	318	4
512	306	4
515	338	4
518	302	4
521	297	4
524	304	4
526	296	4
529	311	4
532	308	4
535	309	4
538	305	4
541	326	4
544	304	4
547	311	4
550	319	4
553	303	4
556	301	4
558	321	4
561	309	4
564	319	4
567	298	4
570	297	4
573	286	4
576	309	4
579	288	4
582	313	4
585	308	4
587	295	4
590	286	4
593	315	4
596	299	4
599	280	4
602	287	4
605	286	4
608	346	4
611	304	4
614	301	4
617	286	4
619	298	4
622	305	4
625	294	4
628	324	4
631	335	4
634	318	4
637	312	4
640	286	4
643	318	4
646	313	4
648	289	4
651	300	4
654	313	4
657	315	4
660	285	4
663	304	4
666	299	4
669	290	4
672	299	4
675	318	4
678	292	4
680	313	4
683	275	4
686	317	4
689	308	4
692	316	4
695	328	4
698	312	4
701	303	4
704	287	4
707	294	4
709	308	4
712	297	4
715	308	4
718	315	4
721	333	4
724	299	4
727	303	4
730	313	4
733	308	4
736	313	4
738	303	4
741	312	4
744	309	4
747	299	4
750	310	4
753	308	4
756	331	4
759	292	4
762	299	4
765	317	4
768	306	4
770	302	4
773	279	4
776	287	4
779	293	4
782	337	4
785	306	4
788	282	4
791	306	4
794	316	4
797	313	4
799	302	4
802	319	4
805	306	4
808	311	4
811	314	4
814	305	4
817	320	4
820	287	4
823	312	4
826	229	4
829	294	4
831	330	4
834	311	4
837	336	4
840	311	4
843	344	4
846	304	4
849	344	4
852	305	4
855	299	4
858	309	4
860	313	4
863	306	4
866	308	4
869	303	4
872	327	4
875	303	4
878	325	4
881	345	4
884	316	4
887	304	4
890	318	4
892	300	4
895	308	4
898	275	4
901	348	4
904	305	4
907	346	4
910	320	4
913	331	4
916	308	4
919	306	4
921	325	4
924	297	4
927	317	4
930	312	4
933	308	4
936	307	4
939	320	4
942	307	4
945	303	4
948	321	4
951	315	4
953	318	4
956	319	4
959	339	4
962	284	4
965	302	4
968	313	4
971	331	4
974	302	4
977	306	4
980	305	4
982	286	4
985	304	4
988	315	4
991	307	4
994	309	4
997	319	4
1000	290	4
1003	302	4
1006	301	4
1009	303	4
1012	293	4
1014	319	4
1017	318	4
1020	296	4
1023	297	4
1026	303	4
1029	301	4
1032	307	4
1035	299	4
1038	314	4
1041	347	4
1043	273	4
1046	317	4
1049	312	4
1052	299	4
1055	299	4
1058	309	4
1061	291	4
1064	322	4
1067	298	4
1070	313	4
1072	304	4
