70	304	4
75	319	4
80	303	4
84	326	4
89	309	4
93	302	4
98	358	4
103	295	4
107	301	4
112	312	4
116	310	4
121	291	4
125	284	4
130	337	4
135	301	4
139	310	4
144	306	4
148	311	4
153	297	4
158	301	4
162	307	4
167	307	4
171	306	4
176	305	4
180	284	4
185	317	4
190	304	4
194	272	4
199	298	4
203	281	4
208	301	4
213	276	4
217	307	4
222	305	4
226	302	4
231	274	4
235	313	4
240	304	4
245	288	4
249	292	4
254	280	4
258	285	4
263	293	4
268	306	4
272	282	4
277	297	4
281	292	4
286	276	4
290	290	4
295	286	4
300	284	4
304	278	4
309	309	4
313	281	4
318	296	4
323	307	4
327	292	4
332	309	4
336	272	4
341	296	4
345	283	4
350	297	4
355	304	4
359	296	4
364	288	4
368	295	4
373	279	4
378	320	4
382	308	4
387	333	4
391	328	4
396	304	4
400	302	4
405	312	4
410	313	4
414	295	4
419	309	4
423	311	4
428	309	4
433	306	4
437	323	4
442	308	4
446	300	4
451	308	4
455	317	4
460	327	4
465	316	4
469	322	4
474	307	4
478	314	4
483	335	4
488	300	4
492	301	4
497	314	4
501	296	4
506	295	4
510	311	4
515	302	4
520	298	4
524	305	4
529	310	4
533	304	4
538	306	4
543	299	4
547	315	4
552	334	4
556	330	4
561	346	4
565	309	4
570	312	4
575	298	4
579	308	4
584	305	4
588	304	4
593	305	4
598	314	4
602	302	4
607	263	4
611	310	4
616	319	4
620	292	4
625	356	4
630	317	4
634	318	4
639	304	4
643	303	4
648	312	4
653	345	4
657	308	4
662	308	4
666	305	4
671	311	4
675	297	4
680	312	4
685	300	4
689	309	4
694	299	4
698	298	4
703	299	4
708	306	4
712	317	4
717	289	4
721	296	4
726	306	4
730	289	4
