70	298	4
75	308	4
80	295	4
84	293	4
89	302	4
93	292	4
98	310	4
103	309	4
107	291	4
112	281	4
116	308	4
121	287	4
125	285	4
130	308	4
135	296	4
139	297	4
144	287	4
148	296	4
153	310	4
158	308	4
162	286	4
167	299	4
171	307	4
176	292	4
180	324	4
185	300	4
190	301	4
194	320	4
199	302	4
203	322	4
208	293	4
213	327	4
217	284	4
222	313	4
226	321	4
231	303	4
235	322	4
240	292	4
245	297	4
249	291	4
254	305	4
258	310	4
263	294	4
268	306	4
272	292	4
277	302	4
281	314	4
286	298	4
290	319	4
295	261	4
300	328	4
304	298	4
309	297	4
313	305	4
318	301	4
323	303	4
327	318	4
332	298	4
336	280	4
341	296	4
345	309	4
350	302	4
355	288	4
359	301	4
364	311	4
368	295	4
373	305	4
378	281	4
382	309	4
387	311	4
391	315	4
396	308	4
400	308	4
405	318	4
410	314	4
414	338	4
419	337	4
423	299	4
428	338	4
433	329	4
437	296	4
442	327	4
446	308	4
451	319	4
455	305	4
460	345	4
465	325	4
469	319	4
474	311	4
478	293	4
483	327	4
488	329	4
492	317	4
497	327	4
501	288	4
506	300	4
510	300	4
515	292	4
520	310	4
524	325	4
529	291	4
533	307	4
538	310	4
543	313	4
547	302	4
552	320	4
556	318	4
561	284	4
565	321	4
570	276	4
575	276	4
579	305	4
584	302	4
588	311	4
593	310	4
598	315	4
602	301	4
607	316	4
611	304	4
616	301	4
620	323	4
625	325	4
630	349	4
634	310	4
639	303	4
643	292	4
648	319	4
653	352	4
657	318	4
662	309	4
666	300	4
671	302	4
675	293	4
680	317	4
685	302	4
689	292	4
694	291	4
698	315	4
703	297	4
708	304	4
712	293	4
717	302	4
721	312	4
726	289	4
730	307	4
