70	327	4
76	323	4
82	286	4
88	285	4
94	307	4
100	309	4
106	320	4
112	320	4
118	307	4
124	318	4
130	315	4
136	321	4
142	305	4
148	346	4
154	319	4
160	285	4
166	315	4
172	306	4
178	311	4
184	308	4
190	358	4
196	308	4
202	323	4
208	288	4
214	342	4
220	305	4
226	334	4
232	331	4
238	299	4
244	324	4
250	312	4
256	312	4
262	305	4
268	289	4
274	330	4
280	318	4
286	295	4
292	341	4
298	351	4
304	314	4
310	334	4
316	340	4
322	297	4
328	314	4
334	331	4
341	304	4
346	329	4
352	334	4
358	321	4
364	286	4
370	314	4
376	313	4
382	320	4
388	318	4
394	315	4
400	336	4
406	321	4
412	349	4
418	296	4
424	298	4
430	302	4
437	319	4
442	330	4
448	296	4
454	343	4
460	315	4
466	330	4
473	281	4
478	320	4
484	329	4
490	314	4
496	359	4
502	298	4
508	315	4
514	355	4
520	320	4
526	315	4
532	287	4
538	325	4
544	352	4
550	323	4
556	335	4
562	317	4
568	348	4
574	331	4
580	345	4
586	325	4
592	317	4
598	312	4
604	329	4
610	330	4
616	339	4
622	335	4
628	290	4
634	336	4
640	303	4
646	311	4
652	297	4
658	337	4
664	310	4
670	308	4
676	301	4
682	321	4
688	297	4
694	327	4
700	313	4
706	331	4
712	315	4
718	306	4
724	320	4
730	323	4
