70	293	4
74	299	4
77	302	4
81	297	4
84	314	4
88	319	4
91	293	4
95	303	4
98	306	4
102	322	4
105	292	4
109	314	4
112	313	4
115	300	4
119	323	4
122	289	4
126	309	4
129	299	4
133	319	4
136	313	4
140	326	4
143	337	4
147	304	4
150	278	4
153	313	4
157	313	4
160	312	4
164	287	4
167	302	4
171	295	4
174	315	4
178	301	4
181	302	4
185	295	4
188	321	4
191	283	4
195	295	4
198	310	4
202	303	4
205	332	4
209	284	4
212	288	4
216	276	4
219	318	4
223	300	4
226	327	4
229	300	4
233	283	4
236	289	4
240	297	4
243	291	4
247	302	4
250	276	4
254	293	4
257	279	4
261	277	4
264	290	4
267	266	4
271	352	4
274	320	4
278	289	4
281	306	4
285	297	4
288	297	4
292	291	4
295	292	4
299	310	4
302	293	4
305	305	4
309	292	4
312	268	4
316	276	4
319	324	4
323	300	4
326	278	4
330	273	4
333	283	4
337	305	4
340	312	4
343	320	4
347	305	4
350	311	4
354	305	4
357	303	4
361	297	4
364	309	4
368	298	4
371	294	4
375	281	4
378	295	4
381	318	4
385	292	4
388	300	4
392	313	4
395	305	4
399	284	4
402	304	4
406	304	4
409	311	4
413	293	4
416	304	4
420	298	4
423	291	4
426	299	4
430	292	4
433	273	4
437	306	4
440	308	4
444	309	4
447	302	4
451	282	4
454	329	4
458	318	4
461	297	4
464	316	4
468	352	4
471	294	4
475	321	4
478	301	4
482	326	4
485	300	4
489	331	4
492	319	4
496	339	4
499	305	4
502	293	4
506	292	4
509	305	4
513	313	4
516	309	4
520	318	4
523	297	4
527	285	4
530	302	4
534	279	4
537	311	4
540	294	4
544	325	4
547	331	4
551	314	4
554	292	4
558	316	4
561	315	4
565	311	4
568	287	4
572	309	4
575	302	4
578	310	4
582	329	4
585	318	4
589	311	4
592	336	4
596	300	4
599	294	4
603	280	4
606	344	4
610	336	4
613	311	4
616	286	4
620	319	4
623	297	4
627	295	4
630	301	4
634	354	4
637	301	4
641	315	4
644	288	4
648	291	4
651	295	4
654	307	4
658	295	4
661	286	4
665	301	4
668	315	4
672	301	4
675	298	4
679	289	4
682	316	4
686	303	4
689	292	4
692	329	4
696	335	4
699	343	4
703	295	4
706	337	4
710	290	4
713	315	4
717	319	4
720	295	4
724	301	4
727	332	4
730	329	4
