70	338	4
78	310	4
85	325	4
92	261	4
99	305	4
106	303	4
113	305	4
120	272	4
127	296	4
134	332	4
141	318	4
148	322	4
155	307	4
162	327	4
169	310	4
176	301	4
183	301	4
190	322	4
197	320	4
204	303	4
211	275	4
218	326	4
225	308	4
232	317	4
239	309	4
246	290	4
253	313	4
260	313	4
267	297	4
274	290	4
281	326	4
288	307	4
295	301	4
302	312	4
309	289	4
316	310	4
323	276	4
330	296	4
337	291	4
344	323	4
351	291	4
358	305	4
365	299	4
372	293	4
379	300	4
386	279	4
393	292	4
400	312	4
408	338	4
415	310	4
422	299	4
429	309	4
436	310	4
443	300	4
450	312	4
457	304	4
464	305	4
471	259	4
478	291	4
485	291	4
492	318	4
499	299	4
506	312	4
513	305	4
520	300	4
527	285	4
534	314	4
541	320	4
548	292	4
555	305	4
562	323	4
569	307	4
576	285	4
583	298	4
590	311	4
597	307	4
604	300	4
611	337	4
618	302	4
625	305	4
632	298	4
639	292	4
646	319	4
653	303	4
660	290	4
667	303	4
674	317	4
681	286	4
688	330	4
695	306	4
702	309	4
709	302	4
716	288	4
723	294	4
730	299	4
70	317	4
78	300	4
85	300	4
92	281	4
99	299	4
106	313	4
113	297	4
120	301	4
127	321	4
134	317	4
141	316	4
148	298	4
155	310	4
162	326	4
169	320	4
176	306	4
183	309	4
190	310	4
197	293	4
204	295	4
211	328	4
218	325	4
225	324	4
232	318	4
239	335	4
246	313	4
253	297	4
260	277	4
267	305	4
274	332	4
281	307	4
288	298	4
295	328	4
302	307	4
309	324	4
316	318	4
323	308	4
330	306	4
337	309	4
344	277	4
351	295	4
358	303	4
365	305	4
372	295	4
379	312	4
386	291	4
393	249	4
400	321	4
408	302	4
415	316	4
422	317	4
429	305	4
436	296	4
443	290	4
450	302	4
457	323	4
464	309	4
471	283	4
478	299	4
485	308	4
492	294	4
499	306	4
506	314	4
513	315	4
520	317	4
527	305	4
534	315	4
541	306	4
548	318	4
555	314	4
562	316	4
569	331	4
576	302	4
583	307	4
590	310	4
597	316	4
604	315	4
611	329	4
618	307	4
625	311	4
632	293	4
639	292	4
646	330	4
653	298	4
660	305	4
667	325	4
674	320	4
681	306	4
688	301	4
695	287	4
702	316	4
709	304	4
716	310	4
723	303	4
730	311	4
70	326	4
78	284	4
85	302	4
92	204	4
99	214	4
106	248	4
113	309	4
120	169	4
127	257	4
134	311	4
141	239	4
148	310	4
155	325	4
162	299	4
169	319	4
176	294	4
183	305	4
190	285	4
197	324	4
204	332	4
211	297	4
218	348	4
225	305	4
232	315	4
239	306	4
246	319	4
253	304	4
260	304	4
267	290	4
274	316	4
281	338	4
288	313	4
295	296	4
302	308	4
309	305	4
316	300	4
323	310	4
330	204	4
337	317	4
344	340	4
351	312	4
358	322	4
365	322	4
372	300	4
379	303	4
386	244	4
393	284	4
400	327	4
408	291	4
415	302	4
422	291	4
429	313	4
436	318	4
443	283	4
450	295	4
457	304	4
464	307	4
471	285	4
478	288	4
485	314	4
492	313	4
499	263	4
506	314	4
513	300	4
520	298	4
527	322	4
534	262	4
541	302	4
548	170	4
555	312	4
562	313	4
569	317	4
576	315	4
583	294	4
590	290	4
597	290	4
604	311	4
611	262	4
618	331	4
625	283	4
632	330	4
639	265	4
646	355	4
653	323	4
660	267	4
667	314	4
674	324	4
681	294	4
688	323	4
695	306	4
702	309	4
709	238	4
716	316	4
723	312	4
730	310	4
70	327	4
78	293	4
85	334	4
92	306	4
99	330	4
106	280	4
113	300	4
120	304	4
127	294	4
134	341	4
141	312	4
148	318	4
155	323	4
162	340	4
169	281	4
176	312	4
183	292	4
190	316	4
197	324	4
204	311	4
211	294	4
218	328	4
225	300	4
232	302	4
239	295	4
246	292	4
253	310	4
260	311	4
267	291	4
274	321	4
281	315	4
288	308	4
295	307	4
302	299	4
309	302	4
316	313	4
323	362	4
330	278	4
337	305	4
344	303	4
351	307	4
358	306	4
365	302	4
372	291	4
379	306	4
386	301	4
393	312	4
400	304	4
408	321	4
415	299	4
422	305	4
429	295	4
436	298	4
443	296	4
450	294	4
457	306	4
464	301	4
471	297	4
478	296	4
485	300	4
492	286	4
499	307	4
506	298	4
513	306	4
520	296	4
527	319	4
534	300	4
541	312	4
548	291	4
555	315	4
562	314	4
569	328	4
576	298	4
583	293	4
590	312	4
597	310	4
604	299	4
611	317	4
618	304	4
625	307	4
632	311	4
639	300	4
646	327	4
653	323	4
660	274	4
667	320	4
674	325	4
681	329	4
688	319	4
695	295	4
702	311	4
709	304	4
716	289	4
723	303	4
730	306	4
70	302	4
78	323	4
85	305	4
92	337	4
99	277	4
106	279	4
113	301	4
120	297	4
127	322	4
134	334	4
141	327	4
148	323	4
155	300	4
162	339	4
169	275	4
176	302	4
183	329	4
190	320	4
197	298	4
204	312	4
211	283	4
218	319	4
225	277	4
232	313	4
239	309	4
246	310	4
253	341	4
260	330	4
267	335	4
274	329	4
281	304	4
288	330	4
295	324	4
302	300	4
309	284	4
316	319	4
323	341	4
330	339	4
337	287	4
344	310	4
351	323	4
358	316	4
365	307	4
372	307	4
379	320	4
386	291	4
393	310	4
400	304	4
408	303	4
415	310	4
422	296	4
429	310	4
436	302	4
443	323	4
450	317	4
457	307	4
464	307	4
471	312	4
478	283	4
485	294	4
492	307	4
499	310	4
506	316	4
513	326	4
520	284	4
527	326	4
534	312	4
541	303	4
548	313	4
555	336	4
562	316	4
569	342	4
576	293	4
583	310	4
590	311	4
597	302	4
604	295	4
611	322	4
618	295	4
625	310	4
632	312	4
639	284	4
646	312	4
653	335	4
660	318	4
667	301	4
674	335	4
681	338	4
688	303	4
695	312	4
702	298	4
709	315	4
716	322	4
723	312	4
730	307	4
