70	310	4
74	238	4
78	281	4
82	305	4
85	317	4
89	302	4
93	312	4
97	348	4
100	335	4
104	301	4
108	301	4
112	318	4
115	358	4
119	325	4
123	338	4
127	373	4
130	306	4
134	311	4
138	308	4
142	301	4
145	353	4
149	332	4
153	314	4
157	329	4
160	298	4
164	282	4
168	303	4
172	305	4
175	339	4
179	339	4
183	323	4
187	312	4
190	340	4
194	314	4
198	195	4
202	320	4
205	277	4
209	344	4
213	329	4
217	295	4
220	335	4
224	313	4
228	309	4
232	311	4
235	326	4
239	339	4
243	313	4
247	323	4
250	298	4
254	327	4
258	306	4
262	326	4
265	326	4
269	332	4
273	320	4
277	304	4
280	335	4
284	322	4
288	329	4
292	319	4
295	299	4
299	301	4
303	323	4
307	318	4
310	332	4
314	331	4
318	329	4
322	318	4
325	312	4
329	324	4
333	316	4
337	338	4
341	325	4
344	366	4
348	328	4
352	330	4
355	278	4
359	298	4
363	314	4
367	314	4
370	312	4
374	328	4
378	308	4
382	343	4
385	296	4
389	309	4
393	328	4
397	319	4
400	321	4
404	307	4
408	302	4
412	320	4
415	267	4
419	289	4
423	292	4
427	326	4
430	321	4
434	336	4
438	327	4
442	320	4
445	221	4
449	289	4
453	274	4
457	260	4
460	321	4
464	313	4
468	273	4
472	309	4
475	341	4
479	251	4
483	321	4
487	272	4
490	302	4
494	288	4
498	330	4
502	322	4
505	353	4
509	317	4
513	326	4
517	330	4
520	328	4
524	320	4
528	323	4
532	318	4
535	309	4
539	284	4
543	317	4
547	286	4
550	278	4
554	334	4
558	323	4
562	321	4
565	324	4
569	325	4
573	317	4
577	299	4
580	320	4
584	294	4
588	267	4
592	194	4
595	311	4
599	315	4
603	293	4
607	356	4
610	295	4
614	244	4
618	217	4
622	318	4
625	316	4
629	312	4
633	272	4
637	343	4
640	342	4
644	314	4
648	307	4
652	308	4
655	255	4
659	314	4
663	276	4
667	346	4
670	251	4
674	275	4
678	318	4
682	345	4
685	234	4
689	317	4
693	284	4
697	324	4
700	318	4
704	286	4
708	306	4
712	343	4
715	304	4
719	307	4
723	317	4
727	277	4
730	335	4
