70	303	4
74	296	4
77	275	4
80	300	4
83	308	4
86	293	4
89	307	4
92	309	4
95	303	4
98	308	4
101	305	4
104	295	4
107	322	4
110	324	4
113	301	4
116	327	4
120	284	4
123	334	4
126	289	4
129	277	4
132	331	4
135	298	4
138	327	4
141	309	4
144	321	4
147	334	4
150	303	4
153	301	4
156	309	4
159	322	4
162	303	4
166	316	4
169	308	4
172	321	4
175	321	4
178	326	4
181	317	4
184	346	4
187	348	4
190	329	4
193	301	4
196	325	4
199	326	4
202	303	4
205	306	4
208	310	4
212	313	4
215	334	4
218	314	4
221	314	4
224	322	4
227	296	4
230	294	4
233	313	4
236	327	4
239	336	4
242	346	4
245	293	4
248	313	4
251	320	4
254	331	4
258	292	4
261	274	4
264	344	4
267	313	4
270	323	4
273	312	4
276	327	4
279	302	4
282	301	4
285	306	4
288	302	4
291	331	4
294	315	4
297	304	4
300	322	4
304	316	4
307	300	4
310	298	4
313	299	4
316	313	4
319	300	4
322	307	4
325	306	4
328	307	4
331	312	4
334	297	4
337	311	4
340	306	4
343	324	4
346	306	4
350	330	4
353	311	4
356	302	4
359	273	4
362	285	4
365	297	4
368	308	4
371	301	4
374	277	4
377	292	4
380	297	4
383	269	4
386	262	4
389	304	4
392	290	4
396	303	4
399	289	4
402	278	4
405	286	4
408	312	4
411	284	4
414	298	4
417	325	4
420	294	4
423	318	4
426	311	4
429	288	4
432	325	4
435	286	4
438	321	4
442	299	4
445	305	4
448	302	4
451	283	4
454	329	4
457	304	4
460	278	4
463	328	4
466	279	4
469	348	4
472	276	4
475	302	4
478	281	4
481	300	4
484	314	4
488	310	4
491	315	4
494	283	4
497	332	4
500	297	4
503	289	4
506	316	4
509	288	4
512	278	4
515	317	4
518	232	4
521	306	4
524	292	4
527	276	4
530	328	4
534	288	4
537	299	4
540	315	4
543	288	4
546	278	4
549	297	4
552	306	4
555	285	4
558	294	4
561	304	4
564	295	4
567	332	4
570	295	4
573	308	4
576	273	4
580	317	4
583	306	4
586	304	4
589	309	4
592	290	4
595	282	4
598	305	4
601	266	4
604	323	4
607	298	4
610	287	4
613	313	4
616	290	4
619	315	4
622	320	4
626	299	4
629	283	4
632	267	4
635	305	4
638	300	4
641	314	4
644	301	4
647	301	4
650	292	4
653	311	4
656	299	4
659	318	4
662	328	4
665	287	4
668	341	4
672	317	4
675	327	4
678	300	4
681	340	4
684	299	4
687	317	4
690	278	4
693	299	4
696	344	4
699	303	4
702	289	4
705	297	4
708	306	4
711	304	4
714	257	4
718	297	4
721	344	4
724	265	4
727	293	4
730	299	4
733	305	4
736	288	4
739	340	4
742	313	4
745	298	4
748	262	4
751	287	4
754	282	4
757	297	4
760	307	4
764	296	4
767	344	4
770	300	4
773	312	4
776	289	4
779	323	4
782	289	4
785	338	4
788	312	4
791	289	4
794	323	4
797	300	4
800	293	4
803	338	4
806	290	4
810	302	4
813	291	4
816	322	4
819	241	4
822	275	4
825	289	4
828	281	4
831	312	4
834	289	4
837	270	4
840	330	4
843	326	4
846	293	4
849	317	4
852	318	4
856	304	4
859	291	4
862	290	4
865	334	4
868	330	4
871	248	4
874	301	4
877	281	4
880	301	4
883	302	4
886	299	4
889	320	4
892	276	4
895	323	4
898	284	4
902	326	4
905	300	4
908	300	4
911	262	4
914	335	4
917	303	4
920	272	4
923	305	4
926	311	4
929	305	4
932	311	4
935	256	4
938	327	4
941	318	4
944	301	4
948	282	4
951	297	4
954	318	4
957	305	4
960	295	4
963	320	4
966	289	4
969	297	4
972	271	4
975	298	4
978	300	4
981	308	4
984	291	4
987	327	4
990	296	4
994	306	4
997	310	4
1000	320	4
1003	331	4
1006	267	4
1009	317	4
1012	318	4
1015	295	4
1018	290	4
1021	312	4
1024	313	4
1027	322	4
1030	304	4
1033	306	4
1036	291	4
1040	283	4
1043	308	4
1046	302	4
1049	266	4
1052	328	4
1055	303	4
1058	317	4
1061	304	4
1064	323	4
1067	294	4
1070	292	4
1073	296	4
1076	314	4
1079	303	4
1082	355	4
1086	292	4
1089	307	4
1092	291	4
1095	322	4
1098	319	4
1101	302	4
1104	355	4
1107	336	4
1110	308	4
1113	324	4
1116	281	4
1119	299	4
1122	325	4
1125	331	4
1128	326	4
1132	328	4
1135	300	4
1138	298	4
1141	307	4
1144	320	4
1147	303	4
1150	282	4
1153	307	4
1156	324	4
1159	299	4
1162	284	4
1165	322	4
1168	282	4
1171	322	4
1174	300	4
1178	282	4
1181	273	4
1184	322	4
1187	305	4
1190	309	4
1193	304	4
1196	323	4
1199	292	4
1202	316	4
1205	307	4
1208	289	4
1211	328	4
1214	307	4
1217	299	4
1221	333	4
1224	300	4
1227	334	4
1230	329	4
1233	332	4
1236	315	4
1239	346	4
1242	300	4
1245	303	4
1248	300	4
1251	332	4
1254	301	4
1257	336	4
1260	317	4
1263	319	4
1266	292	4
1270	308	4
1273	328	4
1276	293	4
1279	298	4
1282	316	4
1285	299	4
1288	304	4
1291	283	4
1294	298	4
1297	298	4
1300	304	4
1303	306	4
1306	317	4
1309	298	4
1312	296	4
1316	304	4
1319	294	4
1322	303	4
1325	292	4
1328	318	4
1331	300	4
1334	328	4
1337	292	4
1340	310	4
1343	290	4
1346	307	4
1349	330	4
1352	315	4
1355	320	4
1358	292	4
1362	327	4
1365	302	4
1368	311	4
1371	330	4
1374	297	4
1377	279	4
1380	322	4
1383	277	4
1386	302	4
1389	305	4
1392	323	4
1395	307	4
1398	297	4
1401	304	4
1404	314	4
1408	315	4
1411	312	4
1414	322	4
1417	323	4
1420	304	4
1423	330	4
1426	319	4
1429	322	4
1432	329	4
1435	302	4
1438	328	4
1441	279	4
1444	297	4
1447	350	4
1450	307	4
1454	310	4
1457	284	4
1460	298	4
1463	288	4
1466	305	4
1469	331	4
1472	299	4
1475	308	4
1478	280	4
1481	315	4
1484	325	4
1487	311	4
1490	305	4
1493	297	4
1496	352	4
1500	310	4
1503	277	4
1506	298	4
1509	305	4
1512	323	4
1515	301	4
1518	329	4
1521	327	4
1524	326	4
1527	321	4
1530	313	4
1533	318	4
1536	319	4
1539	318	4
1542	320	4
1546	313	4
1549	248	4
1552	310	4
1555	327	4
1558	299	4
1561	314	4
1564	330	4
1567	282	4
1570	331	4
1573	294	4
1576	336	4
1579	295	4
1582	326	4
1585	302	4
1588	305	4
1592	298	4
1595	292	4
1598	305	4
1601	320	4
1604	350	4
1607	339	4
1610	312	4
1613	308	4
1616	324	4
1619	325	4
1622	296	4
1625	331	4
1628	321	4
1631	318	4
1634	308	4
1638	326	4
1641	289	4
1644	265	4
1647	334	4
1650	315	4
1653	292	4
1656	288	4
1659	305	4
1662	307	4
1665	313	4
1668	336	4
1671	312	4
1674	291	4
1677	366	4
1680	320	4
1684	328	4
1687	334	4
1690	320	4
1693	330	4
1696	318	4
1699	310	4
1702	331	4
1705	314	4
1708	302	4
1711	308	4
1714	329	4
1717	321	4
1720	317	4
1723	295	4
1726	312	4
1730	318	4
1733	315	4
1736	317	4
1739	298	4
1742	286	4
1745	315	4
1748	281	4
1751	320	4
1754	319	4
1757	310	4
1760	314	4
1763	330	4
1766	289	4
1769	334	4
1772	335	4
1776	346	4
1779	359	4
1782	311	4
1785	323	4
1788	333	4
1791	342	4
1794	319	4
1797	265	4
1800	306	4
1803	287	4
1806	339	4
1809	310	4
1812	309	4
1815	314	4
1818	352	4
1822	301	4
1825	340	4
1828	334	4
1831	318	4
1834	304	4
1837	271	4
1840	372	4
1843	299	4
1846	320	4
1849	317	4
1852	297	4
1855	338	4
1858	304	4
1861	296	4
1864	297	4
