70	335	4
74	314	4
77	317	4
81	313	4
84	317	4
87	337	4
91	322	4
94	322	4
98	331	4
101	311	4
104	327	4
108	316	4
111	319	4
114	308	4
118	335	4
121	314	4
125	328	4
128	334	4
131	348	4
135	336	4
138	345	4
142	329	4
145	293	4
148	334	4
152	311	4
155	297	4
158	310	4
162	352	4
165	345	4
169	318	4
172	306	4
175	301	4
179	308	4
182	328	4
186	342	4
189	314	4
192	296	4
196	293	4
199	305	4
202	297	4
206	302	4
209	338	4
213	310	4
216	312	4
219	346	4
223	310	4
226	290	4
230	317	4
233	313	4
236	352	4
240	308	4
243	320	4
246	315	4
250	292	4
253	318	4
257	332	4
260	337	4
263	304	4
267	344	4
270	344	4
274	315	4
277	340	4
280	284	4
284	331	4
287	333	4
290	300	4
294	325	4
297	332	4
301	318	4
304	336	4
307	370	4
311	329	4
314	347	4
318	327	4
321	339	4
324	314	4
328	320	4
331	346	4
334	317	4
338	314	4
341	314	4
345	329	4
348	314	4
351	353	4
355	324	4
358	370	4
362	295	4
365	322	4
368	314	4
372	294	4
375	324	4
378	318	4
382	345	4
385	349	4
389	321	4
392	362	4
395	292	4
399	344	4
402	305	4
406	290	4
409	350	4
412	343	4
416	310	4
419	308	4
422	360	4
426	333	4
429	322	4
433	321	4
436	321	4
439	316	4
443	352	4
446	298	4
450	301	4
453	336	4
456	344	4
460	326	4
463	326	4
466	329	4
470	316	4
473	327	4
477	325	4
480	319	4
483	293	4
487	329	4
490	328	4
494	335	4
497	305	4
500	304	4
504	314	4
507	335	4
510	328	4
514	344	4
517	359	4
521	347	4
524	319	4
527	340	4
531	335	4
534	293	4
538	303	4
541	338	4
544	328	4
548	333	4
551	296	4
554	317	4
558	308	4
561	335	4
565	322	4
568	344	4
571	292	4
575	306	4
578	348	4
582	335	4
585	316	4
588	327	4
592	328	4
595	322	4
598	328	4
602	343	4
605	305	4
609	293	4
612	346	4
615	328	4
619	303	4
622	328	4
626	307	4
629	308	4
632	285	4
636	313	4
639	301	4
642	273	4
646	310	4
649	291	4
653	307	4
656	287	4
659	311	4
663	307	4
666	299	4
670	312	4
673	317	4
676	309	4
680	319	4
683	320	4
686	333	4
690	308	4
693	296	4
697	314	4
700	323	4
703	310	4
707	318	4
710	324	4
714	307	4
717	307	4
720	330	4
724	354	4
727	297	4
730	345	4
70	323	4
74	312	4
77	295	4
81	310	4
84	287	4
87	315	4
91	310	4
94	306	4
98	300	4
101	330	4
104	321	4
108	313	4
111	340	4
114	314	4
118	310	4
121	306	4
125	300	4
128	314	4
131	322	4
135	298	4
138	312	4
142	300	4
145	310	4
148	309	4
152	303	4
155	283	4
158	334	4
162	320	4
165	308	4
169	309	4
172	300	4
175	302	4
179	314	4
182	296	4
186	303	4
189	313	4
192	292	4
196	304	4
199	299	4
202	312	4
206	303	4
209	286	4
213	317	4
216	300	4
219	307	4
223	265	4
226	304	4
230	311	4
233	318	4
236	318	4
240	278	4
243	315	4
246	296	4
250	309	4
253	308	4
257	319	4
260	285	4
263	309	4
267	297	4
270	320	4
274	285	4
277	325	4
280	294	4
284	327	4
287	281	4
290	310	4
294	313	4
297	311	4
301	312	4
304	316	4
307	312	4
311	305	4
314	297	4
318	310	4
321	329	4
324	326	4
328	320	4
331	313	4
334	306	4
338	316	4
341	322	4
345	309	4
348	312	4
351	327	4
355	306	4
358	310	4
362	274	4
365	310	4
368	319	4
372	298	4
375	295	4
378	291	4
382	299	4
385	312	4
389	311	4
392	325	4
395	300	4
399	311	4
402	291	4
406	303	4
409	309	4
412	316	4
416	300	4
419	306	4
422	305	4
426	306	4
429	322	4
433	315	4
436	313	4
439	289	4
443	306	4
446	300	4
450	286	4
453	329	4
456	310	4
460	328	4
463	311	4
466	310	4
470	303	4
473	301	4
477	310	4
480	297	4
483	312	4
487	331	4
490	317	4
494	307	4
497	302	4
500	327	4
504	307	4
507	271	4
510	292	4
514	334	4
517	331	4
521	320	4
524	312	4
527	332	4
531	311	4
534	286	4
538	318	4
541	306	4
544	313	4
548	307	4
551	293	4
554	320	4
558	298	4
561	324	4
565	293	4
568	325	4
571	291	4
575	303	4
578	297	4
582	316	4
585	310	4
588	306	4
592	308	4
595	303	4
598	296	4
602	313	4
605	306	4
609	316	4
612	311	4
615	305	4
619	309	4
622	308	4
626	314	4
629	306	4
632	323	4
636	316	4
639	297	4
642	258	4
646	307	4
649	301	4
653	316	4
656	300	4
659	324	4
663	303	4
666	311	4
670	265	4
673	306	4
676	312	4
680	309	4
683	318	4
686	297	4
690	294	4
693	310	4
697	311	4
700	316	4
703	294	4
707	311	4
710	322	4
714	294	4
717	299	4
720	308	4
724	324	4
727	323	4
730	309	4
70	269	4
74	309	4
77	326	4
81	346	4
84	330	4
87	364	4
91	288	4
94	326	4
98	290	4
101	350	4
104	351	4
108	338	4
111	368	4
114	355	4
118	357	4
121	311	4
125	347	4
128	341	4
131	337	4
135	334	4
138	334	4
142	334	4
145	347	4
148	352	4
152	341	4
155	286	4
158	270	4
162	362	4
165	361	4
169	318	4
172	302	4
175	313	4
179	293	4
182	330	4
186	342	4
189	311	4
192	247	4
196	320	4
199	251	4
202	257	4
206	240	4
209	347	4
213	248	4
216	258	4
219	297	4
223	308	4
226	321	4
230	282	4
233	317	4
236	365	4
240	331	4
243	299	4
246	302	4
250	303	4
253	325	4
257	350	4
260	383	4
263	312	4
267	300	4
270	265	4
274	295	4
277	355	4
280	314	4
284	402	4
287	294	4
290	256	4
294	326	4
297	320	4
301	353	4
304	317	4
307	365	4
311	363	4
314	329	4
318	303	4
321	312	4
324	367	4
328	314	4
331	341	4
334	333	4
338	305	4
341	302	4
345	341	4
348	301	4
351	315	4
355	280	4
358	399	4
362	283	4
365	328	4
368	336	4
372	357	4
375	325	4
378	295	4
382	347	4
385	340	4
389	344	4
392	320	4
395	327	4
399	335	4
402	337	4
406	305	4
409	313	4
412	341	4
416	324	4
419	267	4
422	321	4
426	363	4
429	263	4
433	329	4
436	335	4
439	331	4
443	333	4
446	344	4
450	338	4
453	335	4
456	356	4
460	312	4
463	320	4
466	344	4
470	324	4
473	356	4
477	340	4
480	311	4
483	296	4
487	313	4
490	332	4
494	347	4
497	344	4
500	310	4
504	365	4
507	366	4
510	306	4
514	300	4
517	349	4
521	370	4
524	288	4
527	374	4
531	410	4
534	355	4
538	321	4
541	306	4
544	359	4
548	350	4
551	207	4
554	313	4
558	341	4
561	376	4
565	321	4
568	309	4
571	296	4
575	306	4
578	318	4
582	355	4
585	352	4
588	280	4
592	363	4
595	205	4
598	363	4
602	360	4
605	243	4
609	186	4
612	368	4
615	338	4
619	325	4
622	220	4
626	331	4
629	321	4
632	306	4
636	295	4
639	312	4
642	287	4
646	302	4
649	297	4
653	328	4
656	303	4
659	295	4
663	329	4
666	294	4
670	294	4
673	305	4
676	306	4
680	328	4
683	332	4
686	321	4
690	316	4
693	306	4
697	308	4
700	295	4
703	300	4
707	319	4
710	355	4
714	307	4
717	319	4
720	328	4
724	381	4
727	277	4
730	341	4
70	246	4
74	257	4
77	316	4
81	322	4
84	357	4
87	326	4
91	349	4
94	321	4
98	278	4
101	347	4
104	347	4
108	345	4
111	362	4
114	364	4
118	356	4
121	298	4
125	313	4
128	353	4
131	341	4
135	320	4
138	326	4
142	359	4
145	336	4
148	325	4
152	303	4
155	295	4
158	338	4
162	361	4
165	366	4
169	318	4
172	302	4
175	324	4
179	315	4
182	317	4
186	342	4
189	310	4
192	291	4
196	313	4
199	302	4
202	329	4
206	325	4
209	310	4
213	315	4
216	334	4
219	349	4
223	345	4
226	304	4
230	321	4
233	337	4
236	368	4
240	335	4
243	330	4
246	322	4
250	305	4
253	319	4
257	319	4
260	376	4
263	309	4
267	329	4
270	341	4
274	319	4
277	324	4
280	295	4
284	354	4
287	311	4
290	333	4
294	313	4
297	332	4
301	323	4
304	321	4
307	374	4
311	340	4
314	336	4
318	332	4
321	336	4
324	365	4
328	341	4
331	342	4
334	322	4
338	344	4
341	308	4
345	334	4
348	310	4
351	346	4
355	312	4
358	348	4
362	329	4
365	328	4
368	321	4
372	345	4
375	323	4
378	298	4
382	317	4
385	348	4
389	329	4
392	307	4
395	334	4
399	328	4
402	300	4
406	291	4
409	349	4
412	332	4
416	306	4
419	298	4
422	344	4
426	339	4
429	315	4
433	304	4
436	317	4
439	351	4
443	326	4
446	311	4
450	303	4
453	349	4
456	349	4
460	297	4
463	341	4
466	325	4
470	319	4
473	372	4
477	332	4
480	340	4
483	302	4
487	343	4
490	331	4
494	306	4
497	340	4
500	317	4
504	350	4
507	352	4
510	339	4
514	340	4
517	368	4
521	364	4
524	334	4
527	361	4
531	404	4
534	327	4
538	316	4
541	340	4
544	360	4
548	323	4
551	308	4
554	312	4
558	328	4
561	373	4
565	310	4
568	338	4
571	323	4
575	298	4
578	346	4
582	360	4
585	348	4
588	341	4
592	354	4
595	366	4
598	364	4
602	378	4
605	323	4
609	331	4
612	360	4
615	326	4
619	314	4
622	266	4
626	312	4
629	312	4
632	301	4
636	324	4
639	317	4
642	300	4
646	304	4
649	291	4
653	312	4
656	313	4
659	308	4
663	329	4
666	300	4
670	306	4
673	303	4
676	329	4
680	339	4
683	324	4
686	327	4
690	315	4
693	302	4
697	310	4
700	336	4
703	323	4
707	329	4
710	379	4
714	316	4
717	305	4
720	330	4
724	375	4
727	345	4
730	337	4
70	331	4
74	300	4
77	310	4
81	316	4
84	347	4
87	321	4
91	317	4
94	319	4
98	328	4
101	300	4
104	314	4
108	330	4
111	347	4
114	361	4
118	316	4
121	308	4
125	312	4
128	335	4
131	328	4
135	321	4
138	324	4
142	337	4
145	305	4
148	347	4
152	305	4
155	334	4
158	341	4
162	355	4
165	342	4
169	319	4
172	308	4
175	294	4
179	301	4
182	330	4
186	333	4
189	303	4
192	310	4
196	290	4
199	291	4
202	333	4
206	314	4
209	289	4
213	317	4
216	304	4
219	336	4
223	330	4
226	340	4
230	309	4
233	332	4
236	357	4
240	326	4
243	335	4
246	335	4
250	322	4
253	348	4
257	282	4
260	381	4
263	229	4
267	349	4
270	326	4
274	296	4
277	339	4
280	312	4
284	368	4
287	308	4
290	300	4
294	311	4
297	317	4
301	350	4
304	341	4
307	380	4
311	358	4
314	355	4
318	327	4
321	344	4
324	338	4
328	332	4
331	345	4
334	323	4
338	347	4
341	306	4
345	328	4
348	313	4
351	350	4
355	307	4
358	348	4
362	338	4
365	336	4
368	307	4
372	376	4
375	326	4
378	333	4
382	340	4
385	308	4
389	352	4
392	349	4
395	347	4
399	323	4
402	332	4
406	317	4
409	349	4
412	338	4
416	315	4
419	302	4
422	335	4
426	356	4
429	310	4
433	308	4
436	349	4
439	307	4
443	343	4
446	311	4
450	355	4
453	291	4
456	353	4
460	346	4
463	343	4
466	310	4
470	279	4
473	347	4
477	341	4
480	378	4
483	269	4
487	327	4
490	351	4
494	321	4
497	369	4
500	312	4
504	337	4
507	363	4
510	341	4
514	328	4
517	379	4
521	367	4
524	358	4
527	382	4
531	368	4
534	367	4
538	342	4
541	336	4
544	345	4
548	359	4
551	304	4
554	342	4
558	345	4
561	386	4
565	319	4
568	350	4
571	327	4
575	316	4
578	331	4
582	342	4
585	362	4
588	356	4
592	364	4
595	366	4
598	320	4
602	374	4
605	320	4
609	296	4
612	384	4
615	313	4
619	304	4
622	306	4
626	340	4
629	330	4
632	322	4
636	323	4
639	287	4
642	317	4
646	318	4
649	325	4
653	294	4
656	322	4
659	313	4
663	341	4
666	304	4
670	337	4
673	319	4
676	320	4
680	294	4
683	325	4
686	318	4
690	339	4
693	332	4
697	342	4
700	311	4
703	305	4
707	337	4
710	362	4
714	350	4
717	306	4
720	333	4
724	361	4
727	345	4
730	375	4
