70	313	4
75	308	4
80	299	4
84	304	4
89	312	4
93	315	4
98	346	4
103	321	4
107	296	4
112	305	4
116	313	4
121	295	4
125	290	4
130	281	4
135	316	4
139	293	4
144	304	4
148	306	4
153	292	4
158	296	4
162	324	4
167	317	4
171	321	4
176	273	4
180	317	4
185	293	4
190	288	4
194	300	4
199	289	4
203	300	4
208	302	4
213	290	4
217	300	4
222	308	4
226	314	4
231	294	4
235	324	4
240	306	4
245	315	4
249	292	4
254	314	4
258	306	4
263	300	4
268	319	4
272	321	4
277	319	4
281	305	4
286	319	4
290	333	4
295	313	4
300	319	4
304	311	4
309	326	4
313	328	4
318	346	4
323	320	4
327	333	4
332	326	4
336	303	4
341	298	4
345	324	4
350	301	4
355	310	4
359	305	4
364	296	4
368	292	4
373	301	4
378	311	4
382	298	4
387	317	4
391	305	4
396	321	4
400	316	4
405	312	4
410	309	4
414	322	4
419	311	4
423	271	4
428	328	4
433	314	4
437	306	4
442	340	4
446	306	4
451	321	4
455	312	4
460	346	4
465	331	4
469	302	4
474	299	4
478	291	4
483	325	4
488	330	4
492	327	4
497	323	4
501	306	4
506	284	4
510	326	4
515	298	4
520	319	4
524	320	4
529	314	4
533	300	4
538	310	4
543	309	4
547	308	4
552	314	4
556	325	4
561	307	4
565	304	4
570	304	4
575	290	4
579	305	4
584	280	4
588	297	4
593	303	4
598	305	4
602	313	4
607	310	4
611	306	4
616	309	4
620	282	4
625	337	4
630	334	4
634	317	4
639	301	4
643	292	4
648	316	4
653	304	4
657	308	4
662	322	4
666	322	4
671	306	4
675	293	4
680	313	4
685	304	4
689	301	4
694	314	4
698	297	4
703	306	4
708	317	4
712	308	4
717	300	4
721	331	4
726	307	4
730	302	4
