70	293	4
76	314	4
82	310	4
88	328	4
94	349	4
100	323	4
106	335	4
112	315	4
118	301	4
124	322	4
130	334	4
136	356	4
142	290	4
148	328	4
154	345	4
160	314	4
166	333	4
172	313	4
178	317	4
184	317	4
190	332	4
196	314	4
202	305	4
208	306	4
214	293	4
220	305	4
226	296	4
232	309	4
238	309	4
244	337	4
250	312	4
256	320	4
262	291	4
268	298	4
274	321	4
280	303	4
286	310	4
292	319	4
298	320	4
304	272	4
310	310	4
316	298	4
322	325	4
328	312	4
334	308	4
341	281	4
346	326	4
352	331	4
358	317	4
364	327	4
370	305	4
376	280	4
382	309	4
388	323	4
394	304	4
400	286	4
406	305	4
412	315	4
418	321	4
424	322	4
430	319	4
437	321	4
442	289	4
448	316	4
454	313	4
460	309	4
466	302	4
473	318	4
478	348	4
484	311	4
490	312	4
496	313	4
502	307	4
508	302	4
514	310	4
520	316	4
526	302	4
532	333	4
538	311	4
544	299	4
550	330	4
556	317	4
562	291	4
568	326	4
574	307	4
580	330	4
586	310	4
592	302	4
598	302	4
604	298	4
610	314	4
616	318	4
622	321	4
628	325	4
634	319	4
640	320	4
646	328	4
652	318	4
658	318	4
664	321	4
670	324	4
676	311	4
682	308	4
688	302	4
694	335	4
700	312	4
706	316	4
712	310	4
718	319	4
724	315	4
730	308	4
