70	328	4
76	325	4
82	297	4
88	303	4
94	322	4
100	325	4
106	344	4
112	311	4
118	311	4
124	311	4
130	326	4
136	357	4
142	361	4
148	368	4
154	333	4
160	302	4
166	324	4
172	325	4
178	331	4
184	313	4
190	343	4
196	312	4
202	293	4
208	297	4
214	356	4
220	314	4
226	314	4
232	300	4
238	300	4
244	300	4
250	328	4
256	341	4
262	327	4
268	307	4
274	333	4
280	321	4
286	291	4
292	343	4
298	361	4
304	295	4
310	323	4
316	282	4
322	297	4
328	334	4
334	335	4
341	320	4
346	325	4
352	329	4
358	335	4
364	305	4
370	323	4
376	312	4
382	346	4
388	338	4
394	319	4
400	285	4
406	334	4
412	321	4
418	296	4
424	320	4
430	316	4
437	319	4
442	336	4
448	312	4
454	303	4
460	307	4
466	334	4
473	347	4
478	299	4
484	326	4
490	335	4
496	281	4
502	327	4
508	279	4
514	326	4
520	285	4
526	342	4
532	334	4
538	319	4
544	338	4
550	322	4
556	306	4
562	333	4
568	329	4
574	319	4
580	333	4
586	310	4
592	311	4
598	310	4
604	328	4
610	321	4
616	271	4
622	313	4
628	299	4
634	332	4
640	309	4
646	324	4
652	265	4
658	296	4
664	327	4
670	305	4
676	317	4
682	296	4
688	330	4
694	330	4
700	330	4
706	324	4
712	293	4
718	305	4
724	336	4
730	311	4
