70	293	4
75	231	4
80	283	4
84	322	4
89	305	4
93	312	4
98	311	4
103	340	4
107	301	4
112	302	4
116	309	4
121	298	4
125	311	4
130	302	4
135	273	4
139	229	4
144	265	4
148	338	4
153	298	4
158	370	4
162	305	4
167	342	4
171	331	4
176	327	4
180	340	4
185	311	4
190	293	4
194	307	4
199	317	4
203	219	4
208	338	4
213	331	4
217	326	4
222	314	4
226	326	4
231	325	4
235	302	4
240	349	4
245	325	4
249	258	4
254	304	4
258	319	4
263	325	4
268	309	4
272	238	4
277	233	4
281	328	4
286	351	4
290	293	4
295	329	4
300	320	4
304	306	4
309	279	4
313	324	4
318	322	4
323	284	4
327	330	4
332	331	4
336	300	4
341	301	4
345	319	4
350	293	4
355	338	4
359	243	4
364	314	4
368	296	4
373	311	4
378	303	4
382	300	4
387	304	4
391	312	4
396	293	4
400	336	4
405	260	4
410	327	4
414	322	4
419	301	4
423	292	4
428	296	4
433	328	4
437	308	4
442	291	4
446	335	4
451	305	4
455	278	4
460	315	4
465	295	4
469	275	4
474	250	4
478	314	4
483	259	4
488	325	4
492	304	4
497	298	4
501	318	4
506	321	4
510	288	4
515	322	4
520	145	4
524	146	4
529	297	4
533	302	4
538	316	4
543	328	4
547	324	4
552	311	4
556	322	4
561	254	4
565	311	4
570	286	4
575	305	4
579	340	4
584	295	4
588	275	4
593	283	4
598	315	4
602	298	4
607	299	4
611	242	4
616	305	4
620	324	4
625	252	4
630	279	4
634	319	4
639	246	4
643	288	4
648	259	4
653	288	4
657	331	4
662	357	4
666	326	4
671	279	4
675	303	4
680	314	4
685	259	4
689	285	4
694	317	4
698	338	4
703	306	4
708	215	4
712	291	4
717	323	4
721	323	4
726	295	4
730	327	4
