70	287	4
74	306	4
77	303	4
81	283	4
84	317	4
88	311	4
91	311	4
95	310	4
98	297	4
102	318	4
105	301	4
109	337	4
112	295	4
115	301	4
119	319	4
122	315	4
126	295	4
129	304	4
133	315	4
136	304	4
140	331	4
143	320	4
147	274	4
150	290	4
153	289	4
157	290	4
160	291	4
164	315	4
167	330	4
171	282	4
174	302	4
178	311	4
181	282	4
185	289	4
188	305	4
191	320	4
195	327	4
198	307	4
202	293	4
205	310	4
209	301	4
212	299	4
216	293	4
219	302	4
223	286	4
226	320	4
229	283	4
233	286	4
236	293	4
240	320	4
243	310	4
247	299	4
250	285	4
254	307	4
257	290	4
261	292	4
264	307	4
267	298	4
271	324	4
274	294	4
278	284	4
281	297	4
285	311	4
288	306	4
292	293	4
295	305	4
299	284	4
302	312	4
305	306	4
309	304	4
312	312	4
316	302	4
319	320	4
323	288	4
326	293	4
330	300	4
333	305	4
337	302	4
340	293	4
343	298	4
347	279	4
350	331	4
354	309	4
357	296	4
361	312	4
364	306	4
368	287	4
371	306	4
375	297	4
378	310	4
381	287	4
385	295	4
388	302	4
392	297	4
395	312	4
399	298	4
402	308	4
406	320	4
409	297	4
413	316	4
416	290	4
420	300	4
423	301	4
426	336	4
430	301	4
433	330	4
437	303	4
440	310	4
444	319	4
447	292	4
451	302	4
454	309	4
458	312	4
461	305	4
464	313	4
468	329	4
471	340	4
475	332	4
478	313	4
482	321	4
485	288	4
489	318	4
492	310	4
496	325	4
499	301	4
502	316	4
506	296	4
509	327	4
513	318	4
516	314	4
520	316	4
523	338	4
527	318	4
530	332	4
534	291	4
537	300	4
540	299	4
544	334	4
547	293	4
551	313	4
554	286	4
558	304	4
561	299	4
565	330	4
568	291	4
572	310	4
575	297	4
578	313	4
582	291	4
585	340	4
589	321	4
592	319	4
596	315	4
599	310	4
603	295	4
606	355	4
610	333	4
613	327	4
616	307	4
620	318	4
623	300	4
627	310	4
630	292	4
634	315	4
637	293	4
641	325	4
644	289	4
648	316	4
651	303	4
654	301	4
658	312	4
661	319	4
665	261	4
668	309	4
672	325	4
675	311	4
679	323	4
682	318	4
686	301	4
689	300	4
692	310	4
696	320	4
699	307	4
703	301	4
706	298	4
710	306	4
713	296	4
717	306	4
720	291	4
724	307	4
727	315	4
730	303	4
