70	322	4
79	350	4
87	321	4
95	303	4
103	319	4
111	317	4
119	342	4
127	328	4
135	350	4
143	320	4
151	320	4
159	335	4
167	341	4
175	303	4
183	323	4
191	318	4
199	313	4
207	352	4
215	320	4
223	311	4
231	328	4
240	343	4
248	319	4
256	326	4
264	341	4
272	305	4
280	327	4
288	322	4
296	324	4
304	330	4
312	320	4
320	336	4
328	339	4
336	341	4
344	290	4
352	289	4
360	323	4
368	349	4
376	332	4
384	299	4
392	310	4
400	353	4
409	332	4
417	327	4
425	276	4
433	312	4
441	273	4
449	281	4
457	297	4
465	282	4
473	248	4
481	289	4
489	291	4
497	286	4
505	270	4
513	293	4
521	297	4
529	264	4
537	278	4
545	324	4
553	325	4
561	292	4
570	286	4
578	255	4
586	292	4
594	277	4
602	290	4
610	270	4
618	277	4
626	280	4
634	296	4
642	294	4
650	262	4
658	317	4
666	269	4
674	281	4
682	240	4
690	277	4
698	267	4
706	307	4
714	275	4
722	305	4
730	310	4
