70	304	4
79	380	4
87	341	4
95	303	4
103	339	4
111	250	4
119	350	4
127	237	4
135	318	4
143	319	4
151	277	4
159	353	4
167	353	4
175	239	4
183	330	4
191	333	4
199	323	4
207	349	4
215	317	4
223	323	4
231	406	4
240	324	4
248	300	4
256	334	4
264	328	4
272	211	4
280	215	4
288	332	4
296	305	4
304	334	4
312	324	4
320	325	4
328	240	4
336	370	4
344	308	4
352	251	4
360	285	4
368	298	4
376	262	4
384	293	4
392	304	4
400	281	4
409	294	4
417	311	4
425	254	4
433	309	4
441	330	4
449	316	4
457	263	4
465	265	4
473	273	4
481	287	4
489	275	4
497	325	4
505	282	4
513	290	4
521	208	4
529	308	4
537	306	4
545	344	4
553	334	4
561	283	4
570	247	4
578	223	4
586	319	4
594	303	4
602	308	4
610	306	4
618	262	4
626	319	4
634	344	4
642	314	4
650	300	4
658	321	4
666	263	4
674	300	4
682	312	4
690	277	4
698	305	4
706	300	4
714	241	4
722	309	4
730	335	4
