70	329	4
79	342	4
87	313	4
96	296	4
104	310	4
112	329	4
121	320	4
129	307	4
137	316	4
146	321	4
154	305	4
162	314	4
171	305	4
179	313	4
187	301	4
196	302	4
204	332	4
213	310	4
221	296	4
229	317	4
238	299	4
246	324	4
254	319	4
263	338	4
271	320	4
279	304	4
288	318	4
296	317	4
304	306	4
313	296	4
321	297	4
329	323	4
338	269	4
346	314	4
355	299	4
363	346	4
371	318	4
380	305	4
388	306	4
396	332	4
405	302	4
413	296	4
421	291	4
430	308	4
438	298	4
446	290	4
455	315	4
463	321	4
472	303	4
480	317	4
488	306	4
497	308	4
505	311	4
513	308	4
522	296	4
530	307	4
538	335	4
547	306	4
555	302	4
563	277	4
572	301	4
580	306	4
588	322	4
597	280	4
605	299	4
614	304	4
622	305	4
630	323	4
639	316	4
647	301	4
655	340	4
664	308	4
672	310	4
680	320	4
689	313	4
697	303	4
705	298	4
714	301	4
722	311	4
730	309	4
70	288	4
79	327	4
87	316	4
96	297	4
104	319	4
112	275	4
121	311	4
129	319	4
137	287	4
146	322	4
154	329	4
162	315	4
171	290	4
179	316	4
187	289	4
196	297	4
204	300	4
213	316	4
221	313	4
229	289	4
238	310	4
246	298	4
254	317	4
263	323	4
271	317	4
279	320	4
288	332	4
296	312	4
304	313	4
313	300	4
321	309	4
329	295	4
338	278	4
346	302	4
355	293	4
363	299	4
371	307	4
380	304	4
388	304	4
396	309	4
405	310	4
413	294	4
421	325	4
430	323	4
438	285	4
446	308	4
455	318	4
463	316	4
472	291	4
480	305	4
488	314	4
497	301	4
505	314	4
513	310	4
522	301	4
530	287	4
538	310	4
547	322	4
555	310	4
563	301	4
572	304	4
580	307	4
588	304	4
597	273	4
605	313	4
614	324	4
622	307	4
630	305	4
639	331	4
647	306	4
655	293	4
664	303	4
672	306	4
680	294	4
689	335	4
697	316	4
705	319	4
714	313	4
722	312	4
730	299	4
70	265	4
79	361	4
87	309	4
96	288	4
104	331	4
112	304	4
121	300	4
129	311	4
137	321	4
146	306	4
154	319	4
162	292	4
171	323	4
179	300	4
187	280	4
196	261	4
204	273	4
213	334	4
221	293	4
229	301	4
238	298	4
246	325	4
254	304	4
263	275	4
271	317	4
279	302	4
288	243	4
296	308	4
304	327	4
313	297	4
321	320	4
329	260	4
338	286	4
346	315	4
355	304	4
363	316	4
371	283	4
380	263	4
388	318	4
396	319	4
405	217	4
413	200	4
421	295	4
430	303	4
438	308	4
446	299	4
455	255	4
463	313	4
472	307	4
480	303	4
488	321	4
497	315	4
505	309	4
513	284	4
522	317	4
530	277	4
538	336	4
547	326	4
555	307	4
563	311	4
572	283	4
580	281	4
588	263	4
597	265	4
605	308	4
614	325	4
622	278	4
630	280	4
639	330	4
647	296	4
655	336	4
664	313	4
672	291	4
680	299	4
689	302	4
697	316	4
705	232	4
714	316	4
722	252	4
730	259	4
70	296	4
79	299	4
87	288	4
96	296	4
104	313	4
112	339	4
121	320	4
129	304	4
137	298	4
146	308	4
154	298	4
162	309	4
171	304	4
179	304	4
187	276	4
196	298	4
204	255	4
213	312	4
221	295	4
229	289	4
238	312	4
246	319	4
254	296	4
263	322	4
271	304	4
279	307	4
288	345	4
296	314	4
304	309	4
313	304	4
321	307	4
329	293	4
338	293	4
346	316	4
355	298	4
363	357	4
371	331	4
380	300	4
388	305	4
396	293	4
405	323	4
413	300	4
421	298	4
430	299	4
438	320	4
446	303	4
455	307	4
463	322	4
472	295	4
480	329	4
488	280	4
497	291	4
505	301	4
513	303	4
522	313	4
530	321	4
538	342	4
547	329	4
555	299	4
563	315	4
572	303	4
580	312	4
588	311	4
597	311	4
605	316	4
614	309	4
622	313	4
630	323	4
639	314	4
647	312	4
655	329	4
664	307	4
672	328	4
680	300	4
689	313	4
697	301	4
705	319	4
714	306	4
722	296	4
730	302	4
70	307	4
79	296	4
87	311	4
96	304	4
104	320	4
112	328	4
121	305	4
129	262	4
137	298	4
146	282	4
154	293	4
162	288	4
171	312	4
179	323	4
187	284	4
196	300	4
204	270	4
213	295	4
221	287	4
229	308	4
238	296	4
246	332	4
254	326	4
263	304	4
271	319	4
279	299	4
288	312	4
296	309	4
304	305	4
313	333	4
321	299	4
329	296	4
338	324	4
346	307	4
355	287	4
363	318	4
371	335	4
380	272	4
388	302	4
396	310	4
405	310	4
413	312	4
421	313	4
430	297	4
438	319	4
446	303	4
455	300	4
463	297	4
472	277	4
480	336	4
488	312	4
497	292	4
505	302	4
513	295	4
522	310	4
530	328	4
538	320	4
547	320	4
555	324	4
563	312	4
572	297	4
580	298	4
588	322	4
597	325	4
605	312	4
614	300	4
622	294	4
630	317	4
639	315	4
647	322	4
655	317	4
664	322	4
672	292	4
680	317	4
689	309	4
697	313	4
705	298	4
714	312	4
722	262	4
730	297	4
