70	312	4
74	321	4
77	313	4
80	304	4
83	322	4
86	315	4
89	294	4
92	306	4
95	328	4
98	319	4
101	309	4
104	332	4
107	318	4
110	298	4
113	314	4
116	297	4
119	303	4
122	322	4
125	299	4
129	322	4
132	300	4
135	311	4
138	335	4
141	289	4
144	324	4
147	276	4
150	328	4
153	321	4
156	284	4
159	336	4
162	305	4
165	334	4
168	326	4
171	318	4
174	306	4
177	323	4
180	309	4
184	314	4
187	341	4
190	323	4
193	311	4
196	335	4
199	286	4
202	339	4
205	311	4
208	268	4
211	294	4
214	317	4
217	328	4
220	306	4
223	306	4
226	305	4
229	308	4
232	329	4
235	313	4
239	319	4
242	316	4
245	310	4
248	294	4
251	319	4
254	325	4
257	297	4
260	289	4
263	316	4
266	331	4
269	321	4
272	320	4
275	299	4
278	298	4
281	295	4
284	316	4
287	313	4
290	307	4
294	306	4
297	303	4
300	284	4
303	296	4
306	308	4
309	297	4
312	309	4
315	305	4
318	303	4
321	275	4
324	311	4
327	297	4
330	313	4
333	311	4
336	292	4
339	290	4
342	299	4
345	319	4
349	313	4
352	294	4
355	317	4
358	342	4
361	332	4
364	300	4
367	320	4
370	338	4
373	315	4
376	323	4
379	307	4
382	304	4
385	321	4
388	324	4
391	327	4
394	329	4
397	316	4
400	318	4
404	315	4
407	311	4
410	322	4
413	299	4
416	316	4
419	292	4
422	297	4
425	317	4
428	327	4
431	332	4
434	311	4
437	328	4
440	326	4
443	318	4
446	305	4
449	312	4
452	289	4
455	304	4
459	297	4
462	316	4
465	293	4
468	304	4
471	309	4
474	313	4
477	308	4
480	310	4
483	304	4
486	301	4
489	320	4
492	333	4
495	318	4
498	289	4
501	351	4
504	337	4
507	296	4
510	324	4
514	350	4
517	313	4
520	299	4
523	311	4
526	305	4
529	335	4
532	327	4
535	339	4
538	323	4
541	305	4
544	350	4
547	327	4
550	294	4
553	303	4
556	313	4
559	342	4
562	332	4
565	301	4
569	307	4
572	315	4
575	339	4
578	317	4
581	318	4
584	324	4
587	300	4
590	310	4
593	293	4
596	303	4
599	337	4
602	353	4
605	350	4
608	307	4
611	334	4
614	299	4
617	322	4
620	331	4
624	307	4
627	278	4
630	360	4
633	296	4
636	329	4
639	312	4
642	337	4
645	295	4
648	299	4
651	313	4
654	309	4
657	293	4
660	307	4
663	300	4
666	292	4
669	307	4
672	331	4
675	312	4
679	310	4
682	314	4
685	314	4
688	344	4
691	317	4
694	313	4
697	348	4
700	304	4
703	315	4
706	311	4
709	319	4
712	330	4
715	296	4
718	310	4
721	296	4
724	309	4
727	337	4
730	346	4
