70	297	4
73	307	4
76	330	4
79	310	4
82	314	4
85	313	4
88	292	4
91	285	4
94	310	4
97	339	4
100	301	4
102	306	4
105	291	4
108	295	4
111	326	4
114	306	4
117	311	4
120	307	4
123	318	4
126	310	4
129	262	4
131	317	4
134	295	4
137	304	4
140	313	4
143	315	4
146	341	4
149	296	4
152	322	4
155	319	4
158	317	4
161	305	4
163	303	4
166	314	4
169	308	4
172	300	4
175	324	4
178	330	4
181	324	4
184	334	4
187	328	4
190	314	4
192	310	4
195	300	4
198	295	4
201	317	4
204	313	4
207	307	4
210	312	4
213	310	4
216	307	4
219	293	4
222	310	4
224	308	4
227	309	4
230	303	4
233	312	4
236	309	4
239	296	4
242	312	4
245	290	4
248	288	4
251	297	4
253	307	4
256	321	4
259	321	4
262	304	4
265	305	4
268	309	4
271	328	4
274	314	4
277	316	4
280	304	4
283	307	4
285	345	4
288	319	4
291	304	4
294	310	4
297	324	4
300	313	4
303	320	4
306	311	4
309	332	4
312	329	4
314	330	4
317	274	4
320	308	4
323	311	4
326	328	4
329	290	4
332	314	4
335	275	4
338	346	4
341	315	4
344	319	4
346	312	4
349	303	4
352	304	4
355	322	4
358	309	4
361	325	4
364	305	4
367	302	4
370	319	4
373	314	4
375	291	4
378	334	4
381	322	4
384	315	4
387	316	4
390	301	4
393	296	4
396	302	4
399	282	4
402	327	4
404	314	4
407	308	4
410	309	4
413	320	4
416	320	4
419	316	4
422	316	4
425	321	4
428	324	4
431	280	4
434	312	4
436	313	4
439	322	4
442	334	4
445	314	4
448	319	4
451	301	4
454	314	4
457	308	4
460	283	4
463	302	4
465	312	4
468	287	4
471	320	4
474	287	4
477	305	4
480	294	4
483	291	4
486	289	4
489	315	4
492	302	4
495	296	4
497	317	4
500	304	4
503	307	4
506	308	4
509	319	4
512	307	4
515	300	4
518	303	4
521	308	4
524	295	4
526	298	4
529	288	4
532	330	4
535	302	4
538	293	4
541	309	4
544	318	4
547	304	4
550	294	4
553	311	4
556	303	4
558	318	4
561	308	4
564	301	4
567	296	4
570	309	4
573	308	4
576	294	4
579	322	4
582	312	4
585	303	4
587	277	4
590	315	4
593	310	4
596	324	4
599	334	4
602	291	4
605	299	4
608	306	4
611	310	4
614	332	4
617	299	4
619	292	4
622	306	4
625	315	4
628	298	4
631	316	4
634	319	4
637	310	4
640	292	4
643	301	4
646	335	4
648	298	4
651	294	4
654	325	4
657	299	4
660	274	4
663	319	4
666	317	4
669	302	4
672	303	4
675	315	4
678	312	4
680	311	4
683	299	4
686	265	4
689	316	4
692	306	4
695	325	4
698	328	4
701	325	4
704	312	4
707	301	4
709	312	4
712	305	4
715	310	4
718	316	4
721	333	4
724	304	4
727	287	4
730	299	4
733	317	4
736	309	4
738	321	4
741	323	4
744	288	4
747	317	4
750	317	4
753	309	4
756	303	4
759	321	4
762	306	4
765	312	4
768	299	4
770	302	4
773	313	4
776	304	4
779	303	4
782	290	4
785	289	4
788	310	4
791	313	4
794	317	4
797	313	4
799	307	4
802	312	4
805	288	4
808	310	4
811	310	4
814	313	4
817	320	4
820	326	4
823	321	4
826	281	4
829	306	4
831	301	4
834	306	4
837	312	4
840	308	4
843	318	4
846	274	4
849	313	4
852	314	4
855	313	4
858	301	4
860	318	4
863	312	4
866	326	4
869	298	4
872	312	4
875	303	4
878	321	4
881	299	4
884	329	4
887	308	4
890	304	4
892	309	4
895	309	4
898	288	4
901	327	4
904	286	4
907	306	4
910	309	4
913	305	4
916	315	4
919	318	4
921	292	4
924	318	4
927	312	4
930	321	4
933	325	4
936	317	4
939	324	4
942	302	4
945	332	4
948	313	4
951	308	4
953	291	4
956	305	4
959	322	4
962	299	4
965	306	4
968	316	4
971	296	4
974	319	4
977	296	4
980	303	4
982	301	4
985	302	4
988	309	4
991	303	4
994	324	4
997	308	4
1000	320	4
1003	316	4
1006	280	4
1009	311	4
1012	309	4
1014	302	4
1017	320	4
1020	313	4
1023	307	4
1026	315	4
1029	309	4
1032	275	4
1035	311	4
1038	320	4
1041	309	4
1043	297	4
1046	294	4
1049	323	4
1052	299	4
1055	297	4
1058	311	4
1061	305	4
1064	332	4
1067	300	4
1070	316	4
1072	314	4
