70	304	4
73	304	4
76	300	4
79	292	4
82	317	4
85	318	4
88	291	4
91	294	4
94	328	4
97	295	4
100	311	4
103	315	4
106	301	4
109	256	4
112	299	4
115	293	4
118	289	4
121	307	4
124	335	4
127	327	4
130	308	4
133	318	4
136	292	4
139	296	4
142	299	4
145	309	4
148	289	4
151	294	4
154	306	4
157	296	4
160	301	4
163	327	4
166	282	4
169	315	4
172	334	4
175	332	4
178	349	4
181	290	4
184	322	4
187	308	4
190	279	4
193	294	4
196	305	4
199	265	4
202	345	4
205	310	4
208	303	4
211	306	4
214	328	4
217	303	4
220	306	4
223	299	4
226	322	4
229	316	4
232	303	4
235	293	4
238	324	4
241	298	4
244	291	4
247	279	4
250	298	4
253	296	4
256	305	4
259	298	4
262	329	4
265	324	4
268	323	4
271	307	4
274	312	4
277	321	4
280	303	4
283	321	4
286	306	4
289	309	4
291	333	4
294	311	4
297	288	4
300	316	4
303	304	4
306	319	4
309	305	4
312	314	4
315	298	4
318	294	4
321	295	4
324	312	4
327	288	4
330	310	4
333	296	4
336	318	4
339	307	4
342	296	4
345	297	4
348	322	4
351	284	4
354	299	4
357	322	4
360	318	4
363	335	4
366	293	4
369	294	4
372	315	4
375	299	4
378	297	4
381	320	4
384	315	4
387	305	4
390	297	4
393	287	4
396	298	4
399	313	4
402	308	4
405	314	4
408	291	4
411	317	4
414	326	4
417	303	4
420	296	4
423	304	4
426	298	4
429	289	4
432	307	4
435	296	4
438	315	4
441	309	4
444	294	4
447	276	4
450	298	4
453	287	4
456	289	4
459	288	4
462	276	4
465	323	4
468	326	4
471	307	4
474	303	4
477	302	4
480	299	4
483	288	4
486	294	4
489	304	4
492	310	4
495	309	4
498	304	4
501	298	4
504	284	4
507	313	4
510	298	4
512	309	4
515	340	4
518	279	4
521	311	4
524	318	4
527	336	4
530	329	4
533	310	4
536	293	4
539	295	4
542	291	4
545	286	4
548	291	4
551	298	4
554	295	4
557	300	4
560	300	4
563	317	4
566	300	4
569	315	4
572	285	4
575	285	4
578	310	4
581	307	4
584	313	4
587	305	4
590	305	4
593	285	4
596	292	4
599	316	4
602	330	4
605	339	4
608	291	4
611	311	4
614	311	4
617	299	4
620	241	4
623	307	4
626	314	4
629	348	4
632	312	4
635	291	4
638	308	4
641	289	4
644	304	4
647	336	4
650	276	4
653	323	4
656	285	4
659	296	4
662	295	4
665	319	4
668	294	4
671	264	4
674	315	4
677	292	4
680	291	4
683	325	4
686	299	4
689	327	4
692	302	4
695	312	4
698	300	4
701	320	4
704	295	4
707	317	4
710	308	4
713	330	4
716	295	4
719	318	4
722	309	4
725	295	4
728	308	4
730	305	4
