70	324	4
74	261	4
78	314	4
82	296	4
85	312	4
89	270	4
93	273	4
97	318	4
100	291	4
104	322	4
108	280	4
112	314	4
115	313	4
119	296	4
123	319	4
127	308	4
130	270	4
134	281	4
138	299	4
142	302	4
145	285	4
149	290	4
153	299	4
157	278	4
160	301	4
164	307	4
168	291	4
172	295	4
175	311	4
179	288	4
183	303	4
187	282	4
190	335	4
194	320	4
198	311	4
202	334	4
205	305	4
209	317	4
213	306	4
217	306	4
220	308	4
224	315	4
228	341	4
232	312	4
235	321	4
239	341	4
243	341	4
247	329	4
250	300	4
254	339	4
258	341	4
262	331	4
265	321	4
269	332	4
273	340	4
277	327	4
280	294	4
284	339	4
288	325	4
292	294	4
295	303	4
299	328	4
303	312	4
307	328	4
310	335	4
314	347	4
318	326	4
322	313	4
325	301	4
329	316	4
333	295	4
337	330	4
341	329	4
344	321	4
348	339	4
352	327	4
355	288	4
359	310	4
363	326	4
367	331	4
370	309	4
374	326	4
378	310	4
382	312	4
385	322	4
389	338	4
393	317	4
397	347	4
400	312	4
404	336	4
408	306	4
412	318	4
415	336	4
419	301	4
423	311	4
427	332	4
430	348	4
434	321	4
438	325	4
442	338	4
445	314	4
449	308	4
453	320	4
457	335	4
460	340	4
464	316	4
468	375	4
472	309	4
475	305	4
479	286	4
483	346	4
487	302	4
490	297	4
494	322	4
498	301	4
502	305	4
505	311	4
509	311	4
513	314	4
517	318	4
520	319	4
524	320	4
528	299	4
532	324	4
535	298	4
539	315	4
543	302	4
547	288	4
550	303	4
554	329	4
558	331	4
562	316	4
565	344	4
569	338	4
573	310	4
577	289	4
580	301	4
584	295	4
588	307	4
592	305	4
595	294	4
599	299	4
603	328	4
607	329	4
610	309	4
614	326	4
618	314	4
622	305	4
625	304	4
629	330	4
633	311	4
637	336	4
640	327	4
644	309	4
648	335	4
652	319	4
655	322	4
659	288	4
663	306	4
667	334	4
670	315	4
674	281	4
678	313	4
682	322	4
685	313	4
689	340	4
693	323	4
697	301	4
700	333	4
704	310	4
708	319	4
712	332	4
715	318	4
719	316	4
723	319	4
727	307	4
730	331	4
70	300	4
74	296	4
78	336	4
82	307	4
85	299	4
89	302	4
93	314	4
97	319	4
100	301	4
104	308	4
108	316	4
112	307	4
115	315	4
119	316	4
123	301	4
127	320	4
130	317	4
134	314	4
138	316	4
142	290	4
145	317	4
149	328	4
153	314	4
157	320	4
160	305	4
164	317	4
168	286	4
172	322	4
175	293	4
179	316	4
183	315	4
187	328	4
190	313	4
194	310	4
198	309	4
202	318	4
205	306	4
209	305	4
213	313	4
217	303	4
220	318	4
224	283	4
228	320	4
232	328	4
235	314	4
239	311	4
243	355	4
247	329	4
250	307	4
254	330	4
258	316	4
262	315	4
265	320	4
269	303	4
273	320	4
277	299	4
280	319	4
284	304	4
288	309	4
292	304	4
295	323	4
299	312	4
303	304	4
307	338	4
310	316	4
314	301	4
318	324	4
322	305	4
325	280	4
329	320	4
333	309	4
337	310	4
341	318	4
344	326	4
348	325	4
352	287	4
355	302	4
359	303	4
363	321	4
367	316	4
370	301	4
374	333	4
378	317	4
382	294	4
385	318	4
389	317	4
393	308	4
397	304	4
400	300	4
404	308	4
408	309	4
412	303	4
415	309	4
419	253	4
423	294	4
427	318	4
430	309	4
434	307	4
438	311	4
442	304	4
445	309	4
449	295	4
453	319	4
457	314	4
460	323	4
464	297	4
468	285	4
472	316	4
475	301	4
479	299	4
483	328	4
487	292	4
490	314	4
494	302	4
498	310	4
502	314	4
505	286	4
509	296	4
513	333	4
517	331	4
520	305	4
524	311	4
528	306	4
532	331	4
535	305	4
539	303	4
543	307	4
547	309	4
550	284	4
554	313	4
558	312	4
562	310	4
565	308	4
569	318	4
573	310	4
577	301	4
580	309	4
584	273	4
588	299	4
592	311	4
595	311	4
599	333	4
603	303	4
607	336	4
610	304	4
614	315	4
618	306	4
622	320	4
625	303	4
629	317	4
633	332	4
637	310	4
640	322	4
644	317	4
648	306	4
652	323	4
655	305	4
659	306	4
663	306	4
667	298	4
670	314	4
674	312	4
678	300	4
682	320	4
685	318	4
689	317	4
693	315	4
697	315	4
700	309	4
704	305	4
708	298	4
712	308	4
715	312	4
719	292	4
723	338	4
727	313	4
730	323	4
70	310	4
74	238	4
78	281	4
82	305	4
85	317	4
89	302	4
93	312	4
97	348	4
100	335	4
104	301	4
108	301	4
112	318	4
115	358	4
119	325	4
123	338	4
127	373	4
130	306	4
134	311	4
138	308	4
142	301	4
145	353	4
149	332	4
153	314	4
157	329	4
160	298	4
164	282	4
168	303	4
172	305	4
175	339	4
179	339	4
183	323	4
187	312	4
190	340	4
194	314	4
198	195	4
202	320	4
205	277	4
209	344	4
213	329	4
217	295	4
220	335	4
224	313	4
228	309	4
232	311	4
235	326	4
239	339	4
243	313	4
247	323	4
250	298	4
254	327	4
258	306	4
262	326	4
265	326	4
269	332	4
273	320	4
277	304	4
280	335	4
284	322	4
288	329	4
292	319	4
295	299	4
299	301	4
303	323	4
307	318	4
310	332	4
314	331	4
318	329	4
322	318	4
325	312	4
329	324	4
333	316	4
337	338	4
341	325	4
344	366	4
348	328	4
352	330	4
355	278	4
359	298	4
363	314	4
367	314	4
370	312	4
374	328	4
378	308	4
382	343	4
385	296	4
389	309	4
393	328	4
397	319	4
400	321	4
404	307	4
408	302	4
412	320	4
415	267	4
419	289	4
423	292	4
427	326	4
430	321	4
434	336	4
438	327	4
442	320	4
445	221	4
449	289	4
453	274	4
457	260	4
460	321	4
464	313	4
468	273	4
472	309	4
475	341	4
479	251	4
483	321	4
487	272	4
490	302	4
494	288	4
498	330	4
502	322	4
505	353	4
509	317	4
513	326	4
517	330	4
520	328	4
524	320	4
528	323	4
532	318	4
535	309	4
539	284	4
543	317	4
547	286	4
550	278	4
554	334	4
558	323	4
562	321	4
565	324	4
569	325	4
573	317	4
577	299	4
580	320	4
584	294	4
588	267	4
592	194	4
595	311	4
599	315	4
603	293	4
607	356	4
610	295	4
614	244	4
618	217	4
622	318	4
625	316	4
629	312	4
633	272	4
637	343	4
640	342	4
644	314	4
648	307	4
652	308	4
655	255	4
659	314	4
663	276	4
667	346	4
670	251	4
674	275	4
678	318	4
682	345	4
685	234	4
689	317	4
693	284	4
697	324	4
700	318	4
704	286	4
708	306	4
712	343	4
715	304	4
719	307	4
723	317	4
727	277	4
730	335	4
70	320	4
74	285	4
78	294	4
82	307	4
85	304	4
89	349	4
93	320	4
97	297	4
100	317	4
104	342	4
108	335	4
112	330	4
115	336	4
119	305	4
123	316	4
127	332	4
130	305	4
134	323	4
138	307	4
142	321	4
145	311	4
149	314	4
153	322	4
157	317	4
160	307	4
164	310	4
168	305	4
172	298	4
175	339	4
179	345	4
183	303	4
187	314	4
190	338	4
194	329	4
198	317	4
202	304	4
205	301	4
209	338	4
213	316	4
217	333	4
220	327	4
224	327	4
228	318	4
232	303	4
235	311	4
239	323	4
243	292	4
247	314	4
250	304	4
254	308	4
258	303	4
262	328	4
265	332	4
269	297	4
273	304	4
277	307	4
280	311	4
284	298	4
288	320	4
292	280	4
295	301	4
299	302	4
303	326	4
307	317	4
310	324	4
314	322	4
318	302	4
322	298	4
325	313	4
329	299	4
333	291	4
337	318	4
341	308	4
344	333	4
348	306	4
352	316	4
355	297	4
359	308	4
363	294	4
367	324	4
370	313	4
374	330	4
378	305	4
382	316	4
385	306	4
389	315	4
393	294	4
397	307	4
400	296	4
404	307	4
408	303	4
412	295	4
415	307	4
419	319	4
423	299	4
427	308	4
430	335	4
434	323	4
438	290	4
442	311	4
445	295	4
449	287	4
453	298	4
457	298	4
460	325	4
464	293	4
468	296	4
472	288	4
475	294	4
479	275	4
483	289	4
487	300	4
490	306	4
494	288	4
498	295	4
502	327	4
505	307	4
509	269	4
513	309	4
517	320	4
520	291	4
524	298	4
528	289	4
532	300	4
535	294	4
539	282	4
543	309	4
547	275	4
550	310	4
554	314	4
558	321	4
562	291	4
565	303	4
569	301	4
573	303	4
577	293	4
580	290	4
584	261	4
588	321	4
592	313	4
595	304	4
599	305	4
603	354	4
607	332	4
610	294	4
614	303	4
618	311	4
622	281	4
625	303	4
629	299	4
633	306	4
637	320	4
640	321	4
644	293	4
648	301	4
652	295	4
655	296	4
659	308	4
663	307	4
667	328	4
670	306	4
674	300	4
678	314	4
682	325	4
685	288	4
689	312	4
693	297	4
697	310	4
700	318	4
704	312	4
708	279	4
712	298	4
715	293	4
719	292	4
723	312	4
727	304	4
730	311	4
70	332	4
74	293	4
78	299	4
82	299	4
85	289	4
89	318	4
93	315	4
97	302	4
100	321	4
104	323	4
108	316	4
112	323	4
115	366	4
119	329	4
123	315	4
127	337	4
130	308	4
134	307	4
138	310	4
142	312	4
145	322	4
149	354	4
153	322	4
157	310	4
160	308	4
164	312	4
168	318	4
172	325	4
175	285	4
179	323	4
183	306	4
187	316	4
190	343	4
194	314	4
198	319	4
202	311	4
205	286	4
209	343	4
213	305	4
217	326	4
220	326	4
224	358	4
228	334	4
232	308	4
235	336	4
239	351	4
243	313	4
247	344	4
250	330	4
254	345	4
258	324	4
262	305	4
265	328	4
269	327	4
273	330	4
277	312	4
280	311	4
284	308	4
288	322	4
292	325	4
295	301	4
299	296	4
303	331	4
307	281	4
310	321	4
314	328	4
318	313	4
322	356	4
325	359	4
329	329	4
333	311	4
337	330	4
341	315	4
344	341	4
348	346	4
352	342	4
355	295	4
359	331	4
363	302	4
367	315	4
370	321	4
374	364	4
378	311	4
382	320	4
385	300	4
389	286	4
393	310	4
397	322	4
400	312	4
404	315	4
408	320	4
412	305	4
415	313	4
419	318	4
423	306	4
427	347	4
430	331	4
434	335	4
438	308	4
442	332	4
445	292	4
449	291	4
453	297	4
457	310	4
460	335	4
464	309	4
468	289	4
472	334	4
475	289	4
479	304	4
483	353	4
487	319	4
490	308	4
494	311	4
498	332	4
502	296	4
505	306	4
509	318	4
513	287	4
517	308	4
520	321	4
524	318	4
528	370	4
532	299	4
535	301	4
539	302	4
543	299	4
547	290	4
550	341	4
554	302	4
558	334	4
562	310	4
565	322	4
569	299	4
573	310	4
577	310	4
580	312	4
584	272	4
588	339	4
592	311	4
595	318	4
599	322	4
603	309	4
607	349	4
610	302	4
614	309	4
618	292	4
622	304	4
625	328	4
629	330	4
633	315	4
637	311	4
640	348	4
644	308	4
648	314	4
652	318	4
655	312	4
659	278	4
663	291	4
667	310	4
670	291	4
674	317	4
678	324	4
682	342	4
685	304	4
689	308	4
693	269	4
697	298	4
700	319	4
704	295	4
708	286	4
712	311	4
715	326	4
719	307	4
723	307	4
727	335	4
730	324	4
