70	310	4
74	326	4
77	325	4
81	298	4
84	292	4
87	289	4
91	311	4
94	312	4
97	311	4
101	288	4
104	311	4
107	314	4
111	296	4
114	321	4
117	326	4
121	314	4
124	308	4
127	287	4
131	321	4
134	309	4
138	298	4
141	325	4
144	327	4
148	320	4
151	325	4
154	311	4
158	317	4
161	325	4
164	299	4
168	319	4
171	331	4
174	306	4
178	311	4
181	331	4
184	316	4
188	326	4
191	328	4
194	311	4
198	323	4
201	295	4
205	312	4
208	318	4
211	305	4
215	315	4
218	315	4
221	314	4
225	304	4
228	297	4
231	302	4
235	323	4
238	319	4
241	313	4
245	312	4
248	305	4
251	297	4
255	299	4
258	302	4
261	293	4
265	304	4
268	305	4
272	296	4
275	303	4
278	326	4
282	308	4
285	300	4
288	310	4
292	298	4
295	307	4
298	314	4
302	287	4
305	312	4
308	276	4
312	305	4
315	300	4
318	290	4
322	325	4
325	321	4
328	319	4
332	283	4
335	327	4
339	314	4
342	305	4
345	298	4
349	298	4
352	303	4
355	308	4
359	309	4
362	320	4
365	318	4
369	318	4
372	307	4
375	303	4
379	307	4
382	296	4
385	297	4
389	323	4
392	292	4
395	327	4
399	320	4
402	296	4
406	317	4
409	314	4
412	309	4
416	327	4
419	313	4
422	309	4
426	307	4
429	259	4
432	321	4
436	311	4
439	292	4
442	306	4
446	273	4
449	297	4
452	306	4
456	304	4
459	333	4
462	334	4
466	334	4
469	326	4
473	324	4
476	311	4
479	323	4
483	297	4
486	308	4
489	311	4
493	310	4
496	305	4
499	334	4
503	319	4
506	303	4
509	295	4
513	257	4
516	325	4
519	324	4
523	320	4
526	305	4
529	300	4
533	311	4
536	326	4
540	307	4
543	328	4
546	323	4
550	299	4
553	311	4
556	306	4
560	304	4
563	321	4
566	305	4
570	321	4
573	306	4
576	324	4
580	320	4
583	297	4
586	308	4
590	286	4
593	310	4
596	326	4
600	307	4
603	292	4
607	304	4
610	302	4
613	313	4
617	297	4
620	328	4
623	308	4
627	312	4
630	318	4
633	316	4
637	321	4
640	311	4
643	282	4
647	299	4
650	309	4
653	324	4
657	297	4
660	323	4
663	306	4
667	283	4
670	310	4
674	291	4
677	311	4
680	304	4
684	325	4
687	264	4
690	303	4
694	303	4
697	277	4
700	326	4
704	311	4
707	326	4
710	297	4
714	304	4
717	289	4
720	302	4
724	281	4
727	306	4
730	321	4
