70	292	4
76	342	4
82	283	4
88	316	4
93	303	4
99	299	4
105	291	4
111	310	4
116	318	4
122	310	4
128	301	4
134	320	4
139	300	4
145	288	4
151	304	4
157	326	4
162	302	4
168	318	4
174	276	4
180	316	4
185	306	4
191	303	4
197	309	4
202	306	4
208	300	4
214	305	4
220	308	4
225	304	4
231	304	4
237	326	4
243	309	4
248	301	4
254	298	4
260	309	4
266	318	4
271	305	4
277	302	4
283	306	4
289	305	4
294	311	4
300	291	4
306	303	4
312	304	4
317	299	4
323	313	4
329	296	4
334	324	4
340	317	4
346	289	4
352	308	4
357	316	4
363	304	4
369	298	4
375	300	4
380	306	4
386	317	4
392	314	4
398	315	4
403	298	4
409	315	4
415	336	4
421	334	4
426	319	4
432	305	4
438	316	4
444	304	4
449	302	4
455	294	4
461	305	4
466	305	4
472	305	4
478	307	4
484	302	4
489	320	4
495	309	4
501	310	4
507	296	4
512	321	4
518	307	4
524	309	4
530	294	4
535	299	4
541	318	4
547	298	4
553	319	4
558	312	4
564	305	4
570	295	4
576	307	4
581	292	4
587	299	4
593	299	4
598	304	4
604	313	4
610	318	4
616	314	4
621	301	4
627	326	4
633	311	4
639	305	4
644	312	4
650	293	4
656	309	4
662	313	4
667	313	4
673	306	4
679	329	4
685	316	4
690	315	4
696	317	4
702	300	4
708	310	4
713	313	4
719	299	4
725	286	4
730	305	4
