70	321	4
82	322	4
94	306	4
105	325	4
117	313	4
128	323	4
140	321	4
152	324	4
163	324	4
175	328	4
186	318	4
198	323	4
209	331	4
221	317	4
233	350	4
244	291	4
256	310	4
267	260	4
279	311	4
290	300	4
302	278	4
314	306	4
325	292	4
337	302	4
348	293	4
360	291	4
372	306	4
383	315	4
395	306	4
406	282	4
418	267	4
429	326	4
441	301	4
453	321	4
464	309	4
476	285	4
487	284	4
499	299	4
510	288	4
522	294	4
534	286	4
545	297	4
557	300	4
568	272	4
580	310	4
592	291	4
603	307	4
615	278	4
626	286	4
638	308	4
649	287	4
661	292	4
673	312	4
684	304	4
696	296	4
707	284	4
719	287	4
730	329	4
