70	302	4
75	252	4
80	331	4
85	315	4
90	310	4
95	295	4
100	226	4
105	295	4
110	287	4
115	322	4
120	316	4
125	291	4
130	295	4
135	324	4
140	264	4
145	315	4
150	316	4
155	337	4
160	331	4
165	309	4
170	333	4
175	331	4
180	317	4
185	257	4
190	311	4
195	319	4
200	276	4
204	324	4
209	324	4
214	313	4
219	330	4
224	297	4
229	300	4
234	330	4
239	317	4
244	323	4
249	302	4
254	307	4
259	254	4
264	300	4
269	330	4
274	229	4
279	333	4
284	320	4
289	342	4
294	324	4
299	332	4
304	340	4
309	333	4
314	308	4
319	255	4
324	331	4
329	338	4
334	349	4
338	305	4
343	312	4
348	328	4
353	346	4
358	326	4
363	322	4
368	310	4
373	354	4
378	282	4
383	324	4
388	311	4
393	328	4
398	327	4
403	329	4
408	328	4
413	313	4
418	329	4
423	360	4
428	317	4
433	335	4
438	342	4
443	330	4
448	327	4
453	326	4
458	323	4
463	323	4
467	323	4
472	363	4
477	298	4
482	335	4
487	355	4
492	327	4
497	334	4
502	289	4
507	353	4
512	320	4
517	319	4
522	316	4
527	322	4
532	340	4
537	342	4
542	296	4
547	293	4
552	327	4
557	252	4
562	309	4
567	341	4
572	227	4
577	339	4
582	340	4
587	319	4
592	336	4
597	319	4
601	311	4
606	305	4
611	310	4
616	310	4
621	225	4
626	322	4
631	340	4
636	305	4
641	303	4
646	328	4
651	281	4
656	305	4
661	297	4
666	299	4
671	270	4
676	307	4
681	293	4
686	313	4
691	323	4
696	295	4
701	306	4
706	288	4
711	308	4
716	332	4
721	312	4
726	336	4
730	309	4
