70	306	4
75	268	4
80	303	4
85	306	4
90	324	4
95	323	4
100	349	4
105	305	4
110	341	4
115	327	4
120	308	4
125	307	4
130	287	4
135	323	4
140	304	4
145	309	4
150	346	4
155	317	4
160	310	4
165	320	4
170	333	4
175	315	4
180	313	4
185	295	4
190	287	4
195	316	4
200	264	4
204	311	4
209	312	4
214	307	4
219	338	4
224	306	4
229	302	4
234	319	4
239	314	4
244	314	4
249	303	4
254	324	4
259	314	4
264	299	4
269	311	4
274	328	4
279	301	4
284	308	4
289	309	4
294	322	4
299	297	4
304	308	4
309	314	4
314	300	4
319	322	4
324	296	4
329	314	4
334	324	4
338	314	4
343	312	4
348	308	4
353	325	4
358	316	4
363	345	4
368	303	4
373	301	4
378	318	4
383	306	4
388	316	4
393	311	4
398	318	4
403	310	4
408	308	4
413	313	4
418	302	4
423	319	4
428	319	4
433	337	4
438	337	4
443	325	4
448	306	4
453	316	4
458	310	4
463	309	4
467	321	4
472	298	4
477	312	4
482	304	4
487	307	4
492	308	4
497	302	4
502	306	4
507	299	4
512	322	4
517	310	4
522	292	4
527	308	4
532	330	4
537	325	4
542	316	4
547	317	4
552	323	4
557	306	4
562	305	4
567	319	4
572	346	4
577	306	4
582	324	4
587	308	4
592	309	4
597	331	4
601	314	4
606	302	4
611	306	4
616	277	4
621	321	4
626	301	4
631	325	4
636	326	4
641	306	4
646	312	4
651	304	4
656	301	4
661	320	4
666	283	4
671	286	4
676	306	4
681	299	4
686	307	4
691	312	4
696	333	4
701	313	4
706	297	4
711	305	4
716	310	4
721	307	4
726	308	4
730	296	4
