70	313	4
73	357	4
76	334	4
79	301	4
81	315	4
84	313	4
87	317	4
90	329	4
92	302	4
95	344	4
98	347	4
101	292	4
103	296	4
106	305	4
109	316	4
112	307	4
114	308	4
117	309	4
120	345	4
123	338	4
125	282	4
128	313	4
131	305	4
133	336	4
136	315	4
139	295	4
142	313	4
144	335	4
147	325	4
150	317	4
153	310	4
155	318	4
158	291	4
161	336	4
164	314	4
166	322	4
169	306	4
172	313	4
175	352	4
177	306	4
180	313	4
183	300	4
185	316	4
188	287	4
191	297	4
194	310	4
196	323	4
199	300	4
202	302	4
205	331	4
207	322	4
210	330	4
213	324	4
216	327	4
218	319	4
221	314	4
224	330	4
227	281	4
229	327	4
232	299	4
235	319	4
238	296	4
240	314	4
243	322	4
246	316	4
248	314	4
251	331	4
254	317	4
257	302	4
259	332	4
262	311	4
265	306	4
268	317	4
270	303	4
273	329	4
276	322	4
279	316	4
281	312	4
284	311	4
287	313	4
290	325	4
292	344	4
295	287	4
298	321	4
300	324	4
303	290	4
306	302	4
309	330	4
311	312	4
314	300	4
317	337	4
320	343	4
322	315	4
325	328	4
328	314	4
331	304	4
333	322	4
336	337	4
339	324	4
342	298	4
344	292	4
347	303	4
350	304	4
352	342	4
355	325	4
358	318	4
361	337	4
363	307	4
366	313	4
369	319	4
372	353	4
374	316	4
377	317	4
380	316	4
383	318	4
385	328	4
388	325	4
391	323	4
394	312	4
396	319	4
399	312	4
402	317	4
404	313	4
407	326	4
410	318	4
413	297	4
415	304	4
418	306	4
421	319	4
424	311	4
426	297	4
429	316	4
432	319	4
435	319	4
437	302	4
440	294	4
443	309	4
446	336	4
448	303	4
451	333	4
454	302	4
457	316	4
459	310	4
462	323	4
465	333	4
467	318	4
470	316	4
473	313	4
476	306	4
478	322	4
481	256	4
484	271	4
487	300	4
489	309	4
492	344	4
495	320	4
498	304	4
500	336	4
503	288	4
506	308	4
509	334	4
511	310	4
514	318	4
517	327	4
519	320	4
522	331	4
525	317	4
528	305	4
530	306	4
533	315	4
536	301	4
539	316	4
541	302	4
544	294	4
547	334	4
550	307	4
552	307	4
555	327	4
558	331	4
561	310	4
563	321	4
566	326	4
569	319	4
571	318	4
574	327	4
577	310	4
580	316	4
582	349	4
585	305	4
588	329	4
591	338	4
593	336	4
596	342	4
599	328	4
602	320	4
604	319	4
607	295	4
610	302	4
613	315	4
615	320	4
618	303	4
621	314	4
624	342	4
626	327	4
629	330	4
632	303	4
634	301	4
637	298	4
640	304	4
643	319	4
645	316	4
648	309	4
651	312	4
654	313	4
656	312	4
659	306	4
662	300	4
665	297	4
667	312	4
670	295	4
673	289	4
676	306	4
678	309	4
681	309	4
684	311	4
686	330	4
689	307	4
692	329	4
695	313	4
697	321	4
700	321	4
703	318	4
706	288	4
708	312	4
711	268	4
714	309	4
717	294	4
719	315	4
722	294	4
725	306	4
728	325	4
730	299	4
733	316	4
736	284	4
738	328	4
