70	322	4
75	307	4
80	275	4
84	336	4
89	314	4
93	312	4
98	275	4
103	337	4
107	309	4
112	302	4
116	323	4
121	305	4
125	313	4
130	328	4
135	315	4
139	291	4
144	278	4
148	307	4
153	294	4
158	314	4
162	309	4
167	318	4
171	324	4
176	312	4
180	308	4
185	313	4
190	314	4
194	300	4
199	306	4
203	298	4
208	317	4
213	337	4
217	328	4
222	310	4
226	325	4
231	313	4
235	332	4
240	336	4
245	285	4
249	333	4
254	328	4
258	320	4
263	311	4
268	315	4
272	276	4
277	301	4
281	331	4
286	314	4
290	303	4
295	341	4
300	321	4
304	295	4
309	301	4
313	328	4
318	315	4
323	310	4
327	319	4
332	351	4
336	307	4
341	328	4
345	302	4
350	327	4
355	294	4
359	301	4
364	286	4
368	312	4
373	319	4
378	287	4
382	312	4
387	317	4
391	304	4
396	312	4
400	331	4
405	310	4
410	280	4
414	295	4
419	324	4
423	299	4
428	311	4
433	320	4
437	313	4
442	301	4
446	317	4
451	328	4
455	329	4
460	357	4
465	307	4
469	306	4
474	344	4
478	357	4
483	297	4
488	301	4
492	306	4
497	306	4
501	312	4
506	323	4
510	308	4
515	322	4
520	309	4
524	296	4
529	324	4
533	299	4
538	301	4
543	311	4
547	324	4
552	314	4
556	321	4
561	317	4
565	311	4
570	294	4
575	286	4
579	324	4
584	310	4
588	320	4
593	327	4
598	331	4
602	313	4
607	311	4
611	300	4
616	297	4
620	326	4
625	342	4
630	291	4
634	314	4
639	284	4
643	273	4
648	289	4
653	312	4
657	323	4
662	309	4
666	325	4
671	270	4
675	307	4
680	302	4
685	275	4
689	297	4
694	321	4
698	311	4
703	295	4
708	298	4
712	294	4
717	311	4
721	310	4
726	294	4
730	303	4
70	309	4
75	310	4
80	284	4
84	315	4
89	303	4
93	294	4
98	308	4
103	329	4
107	303	4
112	307	4
116	312	4
121	290	4
125	325	4
130	317	4
135	285	4
139	289	4
144	294	4
148	313	4
153	307	4
158	354	4
162	264	4
167	298	4
171	321	4
176	312	4
180	303	4
185	308	4
190	321	4
194	307	4
199	307	4
203	317	4
208	302	4
213	301	4
217	291	4
222	303	4
226	315	4
231	314	4
235	327	4
240	311	4
245	302	4
249	310	4
254	297	4
258	300	4
263	308	4
268	309	4
272	331	4
277	296	4
281	315	4
286	316	4
290	307	4
295	313	4
300	328	4
304	313	4
309	323	4
313	312	4
318	317	4
323	301	4
327	310	4
332	311	4
336	281	4
341	303	4
345	313	4
350	300	4
355	316	4
359	308	4
364	301	4
368	335	4
373	327	4
378	314	4
382	287	4
387	313	4
391	322	4
396	309	4
400	314	4
405	317	4
410	307	4
414	316	4
419	299	4
423	317	4
428	323	4
433	315	4
437	305	4
442	299	4
446	315	4
451	340	4
455	322	4
460	308	4
465	304	4
469	320	4
474	324	4
478	320	4
483	271	4
488	286	4
492	332	4
497	304	4
501	301	4
506	323	4
510	297	4
515	301	4
520	304	4
524	304	4
529	301	4
533	304	4
538	316	4
543	320	4
547	287	4
552	327	4
556	321	4
561	274	4
565	303	4
570	288	4
575	310	4
579	307	4
584	302	4
588	288	4
593	311	4
598	305	4
602	302	4
607	305	4
611	294	4
616	296	4
620	298	4
625	335	4
630	294	4
634	321	4
639	306	4
643	313	4
648	293	4
653	272	4
657	305	4
662	326	4
666	313	4
671	257	4
675	311	4
680	302	4
685	252	4
689	301	4
694	307	4
698	314	4
703	317	4
708	299	4
712	317	4
717	306	4
721	319	4
726	304	4
730	317	4
70	293	4
75	231	4
80	283	4
84	322	4
89	305	4
93	312	4
98	311	4
103	340	4
107	301	4
112	302	4
116	309	4
121	298	4
125	311	4
130	302	4
135	273	4
139	229	4
144	265	4
148	338	4
153	298	4
158	370	4
162	305	4
167	342	4
171	331	4
176	327	4
180	340	4
185	311	4
190	293	4
194	307	4
199	317	4
203	219	4
208	338	4
213	331	4
217	326	4
222	314	4
226	326	4
231	325	4
235	302	4
240	349	4
245	325	4
249	258	4
254	304	4
258	319	4
263	325	4
268	309	4
272	238	4
277	233	4
281	328	4
286	351	4
290	293	4
295	329	4
300	320	4
304	306	4
309	279	4
313	324	4
318	322	4
323	284	4
327	330	4
332	331	4
336	300	4
341	301	4
345	319	4
350	293	4
355	338	4
359	243	4
364	314	4
368	296	4
373	311	4
378	303	4
382	300	4
387	304	4
391	312	4
396	293	4
400	336	4
405	260	4
410	327	4
414	322	4
419	301	4
423	292	4
428	296	4
433	328	4
437	308	4
442	291	4
446	335	4
451	305	4
455	278	4
460	315	4
465	295	4
469	275	4
474	250	4
478	314	4
483	259	4
488	325	4
492	304	4
497	298	4
501	318	4
506	321	4
510	288	4
515	322	4
520	145	4
524	146	4
529	297	4
533	302	4
538	316	4
543	328	4
547	324	4
552	311	4
556	322	4
561	254	4
565	311	4
570	286	4
575	305	4
579	340	4
584	295	4
588	275	4
593	283	4
598	315	4
602	298	4
607	299	4
611	242	4
616	305	4
620	324	4
625	252	4
630	279	4
634	319	4
639	246	4
643	288	4
648	259	4
653	288	4
657	331	4
662	357	4
666	326	4
671	279	4
675	303	4
680	314	4
685	259	4
689	285	4
694	317	4
698	338	4
703	306	4
708	215	4
712	291	4
717	323	4
721	323	4
726	295	4
730	327	4
70	311	4
75	311	4
80	305	4
84	314	4
89	322	4
93	319	4
98	300	4
103	313	4
107	294	4
112	297	4
116	323	4
121	314	4
125	323	4
130	298	4
135	295	4
139	291	4
144	304	4
148	305	4
153	309	4
158	338	4
162	323	4
167	344	4
171	312	4
176	316	4
180	314	4
185	328	4
190	306	4
194	291	4
199	289	4
203	290	4
208	331	4
213	337	4
217	318	4
222	303	4
226	338	4
231	332	4
235	303	4
240	345	4
245	304	4
249	312	4
254	315	4
258	298	4
263	309	4
268	325	4
272	362	4
277	312	4
281	327	4
286	332	4
290	321	4
295	333	4
300	336	4
304	308	4
309	289	4
313	350	4
318	314	4
323	323	4
327	312	4
332	329	4
336	297	4
341	312	4
345	308	4
350	296	4
355	327	4
359	304	4
364	302	4
368	306	4
373	312	4
378	284	4
382	312	4
387	291	4
391	305	4
396	299	4
400	327	4
405	276	4
410	296	4
414	293	4
419	302	4
423	267	4
428	319	4
433	319	4
437	304	4
442	298	4
446	342	4
451	336	4
455	293	4
460	296	4
465	283	4
469	325	4
474	317	4
478	335	4
483	263	4
488	296	4
492	292	4
497	290	4
501	306	4
506	309	4
510	289	4
515	311	4
520	315	4
524	326	4
529	335	4
533	293	4
538	315	4
543	317	4
547	295	4
552	317	4
556	313	4
561	314	4
565	313	4
570	282	4
575	297	4
579	309	4
584	300	4
588	315	4
593	303	4
598	307	4
602	303	4
607	300	4
611	274	4
616	286	4
620	305	4
625	297	4
630	286	4
634	311	4
639	307	4
643	291	4
648	272	4
653	307	4
657	309	4
662	343	4
666	315	4
671	289	4
675	303	4
680	286	4
685	291	4
689	296	4
694	312	4
698	300	4
703	282	4
708	305	4
712	292	4
717	285	4
721	303	4
726	289	4
730	314	4
70	303	4
75	316	4
80	327	4
84	326	4
89	298	4
93	320	4
98	307	4
103	325	4
107	311	4
112	298	4
116	313	4
121	321	4
125	310	4
130	285	4
135	299	4
139	308	4
144	302	4
148	313	4
153	333	4
158	316	4
162	358	4
167	324	4
171	333	4
176	328	4
180	327	4
185	305	4
190	330	4
194	319	4
199	337	4
203	323	4
208	297	4
213	350	4
217	330	4
222	321	4
226	302	4
231	318	4
235	316	4
240	342	4
245	300	4
249	262	4
254	316	4
258	331	4
263	278	4
268	313	4
272	311	4
277	319	4
281	304	4
286	309	4
290	302	4
295	331	4
300	334	4
304	318	4
309	270	4
313	297	4
318	342	4
323	314	4
327	320	4
332	345	4
336	330	4
341	298	4
345	316	4
350	312	4
355	342	4
359	295	4
364	312	4
368	292	4
373	314	4
378	307	4
382	316	4
387	282	4
391	340	4
396	297	4
400	312	4
405	288	4
410	305	4
414	306	4
419	324	4
423	333	4
428	331	4
433	309	4
437	322	4
442	320	4
446	322	4
451	324	4
455	317	4
460	311	4
465	311	4
469	322	4
474	301	4
478	342	4
483	314	4
488	306	4
492	308	4
497	285	4
501	301	4
506	313	4
510	284	4
515	318	4
520	287	4
524	306	4
529	290	4
533	311	4
538	304	4
543	317	4
547	315	4
552	330	4
556	312	4
561	331	4
565	307	4
570	320	4
575	310	4
579	311	4
584	313	4
588	320	4
593	311	4
598	344	4
602	293	4
607	296	4
611	292	4
616	312	4
620	324	4
625	310	4
630	330	4
634	309	4
639	288	4
643	271	4
648	302	4
653	324	4
657	324	4
662	331	4
666	317	4
671	312	4
675	309	4
680	309	4
685	314	4
689	326	4
694	312	4
698	320	4
703	306	4
708	309	4
712	307	4
717	315	4
721	334	4
726	298	4
730	336	4
