70	306	4
79	330	4
87	302	4
95	307	4
103	306	4
111	305	4
119	330	4
127	311	4
135	312	4
143	312	4
151	311	4
159	314	4
167	309	4
175	296	4
183	318	4
191	321	4
199	311	4
207	321	4
215	297	4
223	319	4
231	331	4
240	302	4
248	320	4
256	304	4
264	319	4
272	307	4
280	312	4
288	317	4
296	304	4
304	317	4
312	309	4
320	299	4
328	299	4
336	318	4
344	315	4
352	294	4
360	304	4
368	301	4
376	321	4
384	301	4
392	306	4
400	324	4
409	347	4
417	313	4
425	292	4
433	330	4
441	302	4
449	324	4
457	317	4
465	304	4
473	323	4
481	336	4
489	314	4
497	330	4
505	325	4
513	289	4
521	320	4
529	304	4
537	331	4
545	314	4
553	316	4
561	332	4
570	332	4
578	317	4
586	307	4
594	312	4
602	310	4
610	297	4
618	309	4
626	299	4
634	340	4
642	311	4
650	315	4
658	308	4
666	313	4
674	306	4
682	330	4
690	299	4
698	327	4
706	331	4
714	307	4
722	311	4
730	304	4
