70	269	4
74	320	4
77	312	4
80	276	4
83	239	4
86	321	4
89	325	4
92	291	4
95	298	4
98	272	4
101	308	4
104	319	4
107	343	4
110	251	4
113	292	4
116	308	4
119	308	4
122	325	4
125	258	4
129	299	4
132	316	4
135	369	4
138	314	4
141	258	4
144	257	4
147	315	4
150	325	4
153	354	4
156	256	4
159	315	4
162	293	4
165	337	4
168	289	4
171	316	4
174	326	4
177	320	4
180	349	4
184	277	4
187	314	4
190	328	4
193	335	4
196	330	4
199	216	4
202	332	4
205	306	4
208	272	4
211	334	4
214	325	4
217	312	4
220	304	4
223	313	4
226	271	4
229	308	4
232	293	4
235	285	4
239	301	4
242	322	4
245	302	4
248	178	4
251	300	4
254	291	4
257	316	4
260	200	4
263	355	4
266	307	4
269	286	4
272	330	4
275	290	4
278	318	4
281	320	4
284	340	4
287	272	4
290	303	4
294	302	4
297	287	4
300	230	4
303	339	4
306	284	4
309	316	4
312	286	4
315	272	4
318	300	4
321	278	4
324	322	4
327	188	4
330	350	4
333	327	4
336	318	4
339	310	4
342	311	4
345	319	4
349	303	4
352	317	4
355	314	4
358	357	4
361	345	4
364	358	4
367	330	4
370	344	4
373	348	4
376	350	4
379	287	4
382	245	4
385	369	4
388	356	4
391	327	4
394	323	4
397	321	4
400	330	4
404	340	4
407	339	4
410	329	4
413	321	4
416	317	4
419	314	4
422	313	4
425	325	4
428	356	4
431	308	4
434	319	4
437	277	4
440	324	4
443	346	4
446	248	4
449	318	4
452	249	4
455	303	4
459	323	4
462	288	4
465	305	4
468	300	4
471	308	4
474	327	4
477	260	4
480	304	4
483	292	4
486	263	4
489	325	4
492	333	4
495	302	4
498	304	4
501	344	4
504	327	4
507	226	4
510	279	4
514	313	4
517	246	4
520	340	4
523	305	4
526	306	4
529	301	4
532	319	4
535	318	4
538	332	4
541	305	4
544	296	4
547	337	4
550	294	4
553	276	4
556	354	4
559	310	4
562	325	4
565	334	4
569	311	4
572	324	4
575	337	4
578	351	4
581	323	4
584	338	4
587	297	4
590	322	4
593	315	4
596	254	4
599	344	4
602	329	4
605	330	4
608	317	4
611	315	4
614	314	4
617	307	4
620	277	4
624	282	4
627	268	4
630	344	4
633	339	4
636	312	4
639	314	4
642	263	4
645	276	4
648	318	4
651	277	4
654	316	4
657	287	4
660	306	4
663	326	4
666	256	4
669	313	4
672	338	4
675	256	4
679	314	4
682	308	4
685	320	4
688	286	4
691	335	4
694	312	4
697	340	4
700	319	4
703	262	4
706	279	4
709	333	4
712	340	4
715	344	4
718	321	4
721	292	4
724	316	4
727	339	4
730	337	4
