70	327	4
76	323	4
82	286	4
88	285	4
94	307	4
100	309	4
106	320	4
112	320	4
118	307	4
124	318	4
130	315	4
136	321	4
142	305	4
148	346	4
154	319	4
160	285	4
166	315	4
172	306	4
178	311	4
184	308	4
190	358	4
196	308	4
202	323	4
208	288	4
214	342	4
220	305	4
226	334	4
232	331	4
238	299	4
244	324	4
250	312	4
256	312	4
262	305	4
268	289	4
274	330	4
280	318	4
286	295	4
292	341	4
298	351	4
304	314	4
310	334	4
316	340	4
322	297	4
328	314	4
334	331	4
341	304	4
346	329	4
352	334	4
358	321	4
364	286	4
370	314	4
376	313	4
382	320	4
388	318	4
394	315	4
400	336	4
406	321	4
412	349	4
418	296	4
424	298	4
430	302	4
437	319	4
442	330	4
448	296	4
454	343	4
460	315	4
466	330	4
473	281	4
478	320	4
484	329	4
490	314	4
496	359	4
502	298	4
508	315	4
514	355	4
520	320	4
526	315	4
532	287	4
538	325	4
544	352	4
550	323	4
556	335	4
562	317	4
568	348	4
574	331	4
580	345	4
586	325	4
592	317	4
598	312	4
604	329	4
610	330	4
616	339	4
622	335	4
628	290	4
634	336	4
640	303	4
646	311	4
652	297	4
658	337	4
664	310	4
670	308	4
676	301	4
682	321	4
688	297	4
694	327	4
700	313	4
706	331	4
712	315	4
718	306	4
724	320	4
730	323	4
70	293	4
76	314	4
82	310	4
88	328	4
94	349	4
100	323	4
106	335	4
112	315	4
118	301	4
124	322	4
130	334	4
136	356	4
142	290	4
148	328	4
154	345	4
160	314	4
166	333	4
172	313	4
178	317	4
184	317	4
190	332	4
196	314	4
202	305	4
208	306	4
214	293	4
220	305	4
226	296	4
232	309	4
238	309	4
244	337	4
250	312	4
256	320	4
262	291	4
268	298	4
274	321	4
280	303	4
286	310	4
292	319	4
298	320	4
304	272	4
310	310	4
316	298	4
322	325	4
328	312	4
334	308	4
341	281	4
346	326	4
352	331	4
358	317	4
364	327	4
370	305	4
376	280	4
382	309	4
388	323	4
394	304	4
400	286	4
406	305	4
412	315	4
418	321	4
424	322	4
430	319	4
437	321	4
442	289	4
448	316	4
454	313	4
460	309	4
466	302	4
473	318	4
478	348	4
484	311	4
490	312	4
496	313	4
502	307	4
508	302	4
514	310	4
520	316	4
526	302	4
532	333	4
538	311	4
544	299	4
550	330	4
556	317	4
562	291	4
568	326	4
574	307	4
580	330	4
586	310	4
592	302	4
598	302	4
604	298	4
610	314	4
616	318	4
622	321	4
628	325	4
634	319	4
640	320	4
646	328	4
652	318	4
658	318	4
664	321	4
670	324	4
676	311	4
682	308	4
688	302	4
694	335	4
700	312	4
706	316	4
712	310	4
718	319	4
724	315	4
730	308	4
70	304	4
76	331	4
82	224	4
88	306	4
94	297	4
100	316	4
106	318	4
112	316	4
118	231	4
124	294	4
130	313	4
136	289	4
142	284	4
148	360	4
154	324	4
160	328	4
166	331	4
172	333	4
178	292	4
184	304	4
190	347	4
196	246	4
202	306	4
208	284	4
214	322	4
220	302	4
226	321	4
232	336	4
238	265	4
244	342	4
250	314	4
256	312	4
262	335	4
268	303	4
274	333	4
280	326	4
286	343	4
292	305	4
298	323	4
304	310	4
310	326	4
316	343	4
322	275	4
328	341	4
334	290	4
341	321	4
346	338	4
352	262	4
358	317	4
364	284	4
370	321	4
376	321	4
382	297	4
388	324	4
394	331	4
400	339	4
406	302	4
412	297	4
418	263	4
424	315	4
430	292	4
437	354	4
442	315	4
448	319	4
454	337	4
460	322	4
466	344	4
473	301	4
478	236	4
484	285	4
490	322	4
496	324	4
502	291	4
508	324	4
514	338	4
520	346	4
526	328	4
532	336	4
538	313	4
544	333	4
550	331	4
556	309	4
562	328	4
568	334	4
574	315	4
580	308	4
586	317	4
592	273	4
598	317	4
604	299	4
610	229	4
616	356	4
622	326	4
628	262	4
634	319	4
640	301	4
646	319	4
652	202	4
658	289	4
664	320	4
670	332	4
676	346	4
682	286	4
688	331	4
694	343	4
700	321	4
706	271	4
712	319	4
718	256	4
724	334	4
730	325	4
70	309	4
76	312	4
82	298	4
88	302	4
94	309	4
100	318	4
106	320	4
112	284	4
118	328	4
124	315	4
130	319	4
136	304	4
142	315	4
148	322	4
154	338	4
160	315	4
166	340	4
172	324	4
178	333	4
184	315	4
190	372	4
196	317	4
202	308	4
208	314	4
214	309	4
220	306	4
226	345	4
232	323	4
238	278	4
244	342	4
250	314	4
256	332	4
262	315	4
268	282	4
274	319	4
280	296	4
286	320	4
292	345	4
298	315	4
304	323	4
310	319	4
316	311	4
322	308	4
328	339	4
334	336	4
341	337	4
346	310	4
352	312	4
358	298	4
364	321	4
370	310	4
376	297	4
382	315	4
388	334	4
394	315	4
400	323	4
406	296	4
412	317	4
418	289	4
424	321	4
430	307	4
437	332	4
442	332	4
448	317	4
454	339	4
460	321	4
466	332	4
473	274	4
478	327	4
484	319	4
490	296	4
496	328	4
502	309	4
508	299	4
514	335	4
520	337	4
526	329	4
532	312	4
538	322	4
544	304	4
550	338	4
556	313	4
562	312	4
568	327	4
574	292	4
580	303	4
586	312	4
592	310	4
598	315	4
604	303	4
610	304	4
616	347	4
622	334	4
628	293	4
634	348	4
640	307	4
646	320	4
652	309	4
658	315	4
664	299	4
670	353	4
676	344	4
682	315	4
688	322	4
694	326	4
700	326	4
706	315	4
712	319	4
718	303	4
724	321	4
730	316	4
70	328	4
76	325	4
82	297	4
88	303	4
94	322	4
100	325	4
106	344	4
112	311	4
118	311	4
124	311	4
130	326	4
136	357	4
142	361	4
148	368	4
154	333	4
160	302	4
166	324	4
172	325	4
178	331	4
184	313	4
190	343	4
196	312	4
202	293	4
208	297	4
214	356	4
220	314	4
226	314	4
232	300	4
238	300	4
244	300	4
250	328	4
256	341	4
262	327	4
268	307	4
274	333	4
280	321	4
286	291	4
292	343	4
298	361	4
304	295	4
310	323	4
316	282	4
322	297	4
328	334	4
334	335	4
341	320	4
346	325	4
352	329	4
358	335	4
364	305	4
370	323	4
376	312	4
382	346	4
388	338	4
394	319	4
400	285	4
406	334	4
412	321	4
418	296	4
424	320	4
430	316	4
437	319	4
442	336	4
448	312	4
454	303	4
460	307	4
466	334	4
473	347	4
478	299	4
484	326	4
490	335	4
496	281	4
502	327	4
508	279	4
514	326	4
520	285	4
526	342	4
532	334	4
538	319	4
544	338	4
550	322	4
556	306	4
562	333	4
568	329	4
574	319	4
580	333	4
586	310	4
592	311	4
598	310	4
604	328	4
610	321	4
616	271	4
622	313	4
628	299	4
634	332	4
640	309	4
646	324	4
652	265	4
658	296	4
664	327	4
670	305	4
676	317	4
682	296	4
688	330	4
694	330	4
700	330	4
706	324	4
712	293	4
718	305	4
724	336	4
730	311	4
