70	327	4
74	299	4
77	323	4
80	293	4
83	311	4
86	309	4
89	327	4
92	315	4
95	301	4
98	315	4
101	304	4
104	324	4
107	279	4
110	314	4
113	313	4
116	324	4
119	324	4
122	316	4
125	337	4
128	305	4
131	298	4
134	293	4
137	319	4
140	299	4
143	312	4
146	308	4
149	315	4
152	303	4
155	315	4
158	315	4
161	313	4
164	295	4
167	279	4
170	318	4
173	304	4
176	294	4
179	292	4
183	325	4
186	313	4
189	334	4
192	323	4
195	314	4
198	338	4
201	315	4
204	312	4
207	309	4
210	291	4
213	274	4
216	320	4
219	317	4
222	324	4
225	309	4
228	314	4
231	310	4
234	306	4
237	323	4
240	309	4
243	305	4
246	320	4
249	301	4
252	312	4
255	301	4
258	298	4
261	310	4
264	307	4
267	297	4
270	320	4
273	313	4
276	306	4
279	307	4
282	293	4
285	304	4
288	318	4
292	314	4
295	302	4
298	318	4
301	306	4
304	290	4
307	310	4
310	306	4
313	312	4
316	310	4
319	312	4
322	320	4
325	313	4
328	302	4
331	292	4
334	308	4
337	300	4
340	308	4
343	308	4
346	322	4
349	292	4
352	324	4
355	320	4
358	324	4
361	280	4
364	302	4
367	329	4
370	311	4
373	303	4
376	299	4
379	303	4
382	308	4
385	303	4
388	302	4
391	301	4
394	337	4
397	309	4
400	291	4
404	308	4
407	314	4
410	321	4
413	302	4
416	304	4
419	310	4
422	327	4
425	314	4
428	306	4
431	274	4
434	267	4
437	328	4
440	311	4
443	301	4
446	308	4
449	319	4
452	303	4
455	306	4
458	313	4
461	310	4
464	318	4
467	308	4
470	307	4
473	311	4
476	329	4
479	319	4
482	313	4
485	312	4
488	313	4
491	300	4
494	314	4
497	327	4
500	334	4
503	308	4
506	300	4
509	325	4
513	352	4
516	305	4
519	333	4
522	294	4
525	325	4
528	321	4
531	296	4
534	307	4
537	311	4
540	287	4
543	318	4
546	321	4
549	316	4
552	303	4
555	326	4
558	318	4
561	312	4
564	324	4
567	308	4
570	305	4
573	303	4
576	307	4
579	310	4
582	291	4
585	315	4
588	278	4
591	306	4
594	319	4
597	293	4
600	290	4
603	330	4
606	314	4
609	304	4
612	310	4
615	312	4
618	310	4
622	289	4
625	315	4
628	301	4
631	275	4
634	319	4
637	323	4
640	297	4
643	305	4
646	313	4
649	338	4
652	306	4
655	312	4
658	307	4
661	315	4
664	298	4
667	306	4
670	315	4
673	317	4
676	311	4
679	314	4
682	307	4
685	305	4
688	276	4
691	298	4
694	302	4
697	321	4
700	308	4
703	296	4
706	301	4
709	311	4
712	304	4
715	295	4
718	313	4
721	309	4
724	322	4
727	297	4
730	316	4
