70	307	4
74	324	4
78	295	4
81	205	4
85	287	4
88	317	4
92	271	4
95	316	4
99	305	4
102	341	4
106	266	4
109	300	4
113	281	4
116	309	4
120	299	4
123	330	4
127	314	4
130	338	4
134	332	4
138	303	4
141	300	4
145	347	4
148	303	4
152	319	4
155	332	4
159	318	4
162	242	4
166	272	4
169	299	4
173	303	4
176	292	4
180	287	4
183	289	4
187	309	4
190	287	4
194	299	4
198	344	4
201	242	4
205	298	4
208	312	4
212	293	4
215	267	4
219	309	4
222	309	4
226	304	4
229	304	4
233	310	4
236	343	4
240	329	4
243	284	4
247	324	4
250	298	4
254	306	4
258	311	4
261	297	4
265	308	4
268	281	4
272	315	4
275	317	4
279	314	4
282	299	4
286	318	4
289	315	4
293	290	4
296	331	4
300	312	4
303	310	4
307	351	4
310	340	4
314	318	4
318	297	4
321	312	4
325	299	4
328	320	4
332	305	4
335	320	4
339	323	4
342	278	4
346	329	4
349	325	4
353	235	4
356	297	4
360	334	4
363	288	4
367	331	4
370	326	4
374	307	4
378	332	4
381	315	4
385	203	4
388	284	4
392	343	4
395	319	4
399	280	4
402	331	4
406	290	4
409	309	4
413	320	4
416	312	4
420	314	4
423	336	4
427	342	4
430	309	4
434	271	4
438	294	4
441	191	4
445	310	4
448	331	4
452	276	4
455	311	4
459	302	4
462	220	4
466	294	4
469	300	4
473	148	4
476	218	4
480	196	4
483	277	4
487	333	4
490	318	4
494	319	4
498	336	4
501	310	4
505	327	4
508	312	4
512	336	4
515	339	4
519	249	4
522	245	4
526	300	4
529	340	4
533	335	4
536	318	4
540	350	4
543	311	4
547	321	4
550	325	4
554	363	4
558	227	4
561	294	4
565	324	4
568	290	4
572	286	4
575	302	4
579	318	4
582	307	4
586	323	4
589	310	4
593	286	4
596	327	4
600	329	4
603	306	4
607	324	4
610	338	4
614	314	4
618	319	4
621	299	4
625	328	4
628	330	4
632	333	4
635	335	4
639	348	4
642	291	4
646	297	4
649	305	4
653	307	4
656	282	4
660	210	4
663	318	4
667	304	4
670	327	4
674	312	4
678	276	4
681	306	4
685	284	4
688	188	4
692	273	4
695	312	4
699	326	4
702	249	4
706	333	4
709	350	4
713	310	4
716	325	4
720	317	4
723	292	4
727	326	4
730	344	4
