70	281	4
76	314	4
82	256	4
88	311	4
93	325	4
99	319	4
105	308	4
111	325	4
116	300	4
122	314	4
128	300	4
134	300	4
139	317	4
145	299	4
151	321	4
157	320	4
162	342	4
168	296	4
174	302	4
180	296	4
185	318	4
191	296	4
197	296	4
202	311	4
208	310	4
214	288	4
220	312	4
225	312	4
231	329	4
237	319	4
243	321	4
248	340	4
254	303	4
260	301	4
266	326	4
271	336	4
277	310	4
283	290	4
289	288	4
294	262	4
300	327	4
306	291	4
312	324	4
317	307	4
323	309	4
329	289	4
334	321	4
340	312	4
346	301	4
352	289	4
357	293	4
363	321	4
369	302	4
375	338	4
380	309	4
386	320	4
392	321	4
398	295	4
403	295	4
409	326	4
415	324	4
421	306	4
426	302	4
432	296	4
438	321	4
444	300	4
449	313	4
455	311	4
461	294	4
466	301	4
472	300	4
478	306	4
484	311	4
489	304	4
495	281	4
501	299	4
507	294	4
512	292	4
518	307	4
524	323	4
530	283	4
535	317	4
541	303	4
547	287	4
553	311	4
558	293	4
564	287	4
570	307	4
576	312	4
581	302	4
587	307	4
593	305	4
598	322	4
604	301	4
610	336	4
616	310	4
621	310	4
627	308	4
633	311	4
639	315	4
644	332	4
650	311	4
656	322	4
662	291	4
667	275	4
673	299	4
679	286	4
685	284	4
690	317	4
696	294	4
702	280	4
708	313	4
713	291	4
719	294	4
725	296	4
730	324	4
