70	323	4
74	312	4
77	295	4
81	310	4
84	287	4
87	315	4
91	310	4
94	306	4
98	300	4
101	330	4
104	321	4
108	313	4
111	340	4
114	314	4
118	310	4
121	306	4
125	300	4
128	314	4
131	322	4
135	298	4
138	312	4
142	300	4
145	310	4
148	309	4
152	303	4
155	283	4
158	334	4
162	320	4
165	308	4
169	309	4
172	300	4
175	302	4
179	314	4
182	296	4
186	303	4
189	313	4
192	292	4
196	304	4
199	299	4
202	312	4
206	303	4
209	286	4
213	317	4
216	300	4
219	307	4
223	265	4
226	304	4
230	311	4
233	318	4
236	318	4
240	278	4
243	315	4
246	296	4
250	309	4
253	308	4
257	319	4
260	285	4
263	309	4
267	297	4
270	320	4
274	285	4
277	325	4
280	294	4
284	327	4
287	281	4
290	310	4
294	313	4
297	311	4
301	312	4
304	316	4
307	312	4
311	305	4
314	297	4
318	310	4
321	329	4
324	326	4
328	320	4
331	313	4
334	306	4
338	316	4
341	322	4
345	309	4
348	312	4
351	327	4
355	306	4
358	310	4
362	274	4
365	310	4
368	319	4
372	298	4
375	295	4
378	291	4
382	299	4
385	312	4
389	311	4
392	325	4
395	300	4
399	311	4
402	291	4
406	303	4
409	309	4
412	316	4
416	300	4
419	306	4
422	305	4
426	306	4
429	322	4
433	315	4
436	313	4
439	289	4
443	306	4
446	300	4
450	286	4
453	329	4
456	310	4
460	328	4
463	311	4
466	310	4
470	303	4
473	301	4
477	310	4
480	297	4
483	312	4
487	331	4
490	317	4
494	307	4
497	302	4
500	327	4
504	307	4
507	271	4
510	292	4
514	334	4
517	331	4
521	320	4
524	312	4
527	332	4
531	311	4
534	286	4
538	318	4
541	306	4
544	313	4
548	307	4
551	293	4
554	320	4
558	298	4
561	324	4
565	293	4
568	325	4
571	291	4
575	303	4
578	297	4
582	316	4
585	310	4
588	306	4
592	308	4
595	303	4
598	296	4
602	313	4
605	306	4
609	316	4
612	311	4
615	305	4
619	309	4
622	308	4
626	314	4
629	306	4
632	323	4
636	316	4
639	297	4
642	258	4
646	307	4
649	301	4
653	316	4
656	300	4
659	324	4
663	303	4
666	311	4
670	265	4
673	306	4
676	312	4
680	309	4
683	318	4
686	297	4
690	294	4
693	310	4
697	311	4
700	316	4
703	294	4
707	311	4
710	322	4
714	294	4
717	299	4
720	308	4
724	324	4
727	323	4
730	309	4
