70	329	4
76	312	4
82	307	4
88	313	4
93	320	4
99	303	4
105	294	4
111	332	4
116	323	4
122	310	4
128	302	4
134	313	4
139	312	4
145	277	4
151	286	4
157	330	4
162	338	4
168	312	4
174	272	4
180	318	4
185	303	4
191	289	4
197	339	4
202	329	4
208	312	4
214	320	4
220	317	4
225	305	4
231	316	4
237	325	4
243	310	4
248	328	4
254	322	4
260	291	4
266	316	4
271	319	4
277	307	4
283	302	4
289	314	4
294	316	4
300	304	4
306	310	4
312	322	4
317	340	4
323	294	4
329	327	4
334	321	4
340	317	4
346	294	4
352	303	4
357	320	4
363	333	4
369	304	4
375	315	4
380	317	4
386	308	4
392	317	4
398	316	4
403	271	4
409	318	4
415	329	4
421	292	4
426	326	4
432	305	4
438	312	4
444	302	4
449	307	4
455	306	4
461	323	4
466	293	4
472	304	4
478	289	4
484	325	4
489	293	4
495	327	4
501	308	4
507	307	4
512	299	4
518	295	4
524	316	4
530	303	4
535	305	4
541	283	4
547	295	4
553	289	4
558	301	4
564	285	4
570	299	4
576	291	4
581	323	4
587	291	4
593	279	4
598	300	4
604	304	4
610	306	4
616	294	4
621	308	4
627	311	4
633	315	4
639	308	4
644	315	4
650	311	4
656	323	4
662	293	4
667	291	4
673	295	4
679	293	4
685	288	4
690	313	4
696	282	4
702	273	4
708	303	4
713	294	4
719	308	4
725	299	4
730	298	4
