70	302	4
73	348	4
76	319	4
79	276	4
82	323	4
85	338	4
88	317	4
90	330	4
93	320	4
96	325	4
99	319	4
102	325	4
105	346	4
107	301	4
110	342	4
113	356	4
116	311	4
119	321	4
122	343	4
125	316	4
127	325	4
130	261	4
133	356	4
136	291	4
139	334	4
142	326	4
144	326	4
147	319	4
150	329	4
153	327	4
156	348	4
159	312	4
161	361	4
164	350	4
167	319	4
170	343	4
173	320	4
176	329	4
179	351	4
181	298	4
184	313	4
187	342	4
190	314	4
193	321	4
196	327	4
198	308	4
201	305	4
204	285	4
207	307	4
210	311	4
213	320	4
215	304	4
218	310	4
221	314	4
224	334	4
227	280	4
230	317	4
233	327	4
235	312	4
238	289	4
241	319	4
244	319	4
247	338	4
250	303	4
252	341	4
255	329	4
258	297	4
261	314	4
264	311	4
267	311	4
269	338	4
272	319	4
275	322	4
278	313	4
281	312	4
284	327	4
287	309	4
289	327	4
292	320	4
295	328	4
298	323	4
301	308	4
304	301	4
306	309	4
309	340	4
312	327	4
315	306	4
318	306	4
321	325	4
323	334	4
326	341	4
329	353	4
332	319	4
335	340	4
338	310	4
341	330	4
343	297	4
346	306	4
349	340	4
352	318	4
355	299	4
358	347	4
360	318	4
363	321	4
366	316	4
369	315	4
372	327	4
375	326	4
377	308	4
380	318	4
383	298	4
386	316	4
389	320	4
392	330	4
395	335	4
397	326	4
400	330	4
403	275	4
406	292	4
409	300	4
412	306	4
414	304	4
417	314	4
420	342	4
423	328	4
426	318	4
429	317	4
431	322	4
434	334	4
437	316	4
440	324	4
443	375	4
446	302	4
449	334	4
451	264	4
454	349	4
457	310	4
460	360	4
463	336	4
466	298	4
468	305	4
471	330	4
474	322	4
477	328	4
480	282	4
483	351	4
485	351	4
488	325	4
491	299	4
494	322	4
497	306	4
500	317	4
503	333	4
505	336	4
508	333	4
511	316	4
514	305	4
517	331	4
520	324	4
522	317	4
525	319	4
528	327	4
531	294	4
534	297	4
537	342	4
539	307	4
542	355	4
545	297	4
548	332	4
551	327	4
554	350	4
557	320	4
559	328	4
562	294	4
565	325	4
568	316	4
571	305	4
574	304	4
576	316	4
579	326	4
582	310	4
585	321	4
588	298	4
591	318	4
593	319	4
596	304	4
599	322	4
602	305	4
605	318	4
608	329	4
611	329	4
613	304	4
616	319	4
619	316	4
622	339	4
625	297	4
628	275	4
630	311	4
633	320	4
636	341	4
639	308	4
642	309	4
645	309	4
647	307	4
650	313	4
653	298	4
656	288	4
659	321	4
662	288	4
665	328	4
667	295	4
670	303	4
673	294	4
676	298	4
679	292	4
682	304	4
684	315	4
687	283	4
690	294	4
693	319	4
696	294	4
699	305	4
701	304	4
704	312	4
707	291	4
710	301	4
713	325	4
716	298	4
719	306	4
721	319	4
724	284	4
727	331	4
730	302	4
733	319	4
736	327	4
738	317	4
741	303	4
744	304	4
747	333	4
750	312	4
753	300	4
755	320	4
758	298	4
761	321	4
764	281	4
767	279	4
770	296	4
773	267	4
775	280	4
778	319	4
781	278	4
784	285	4
787	293	4
790	300	4
792	309	4
795	304	4
798	314	4
801	286	4
804	304	4
807	300	4
809	277	4
812	298	4
815	290	4
818	310	4
821	312	4
824	329	4
827	288	4
829	269	4
832	293	4
835	286	4
838	315	4
841	308	4
844	284	4
846	306	4
849	271	4
852	269	4
855	298	4
858	276	4
861	293	4
863	304	4
866	307	4
869	330	4
872	315	4
875	318	4
878	281	4
881	297	4
883	287	4
886	295	4
889	317	4
892	307	4
895	332	4
898	328	4
900	275	4
903	309	4
906	303	4
909	331	4
912	318	4
915	306	4
917	314	4
