70	335	4
74	314	4
77	317	4
81	313	4
84	317	4
87	337	4
91	322	4
94	322	4
98	331	4
101	311	4
104	327	4
108	316	4
111	319	4
114	308	4
118	335	4
121	314	4
125	328	4
128	334	4
131	348	4
135	336	4
138	345	4
142	329	4
145	293	4
148	334	4
152	311	4
155	297	4
158	310	4
162	352	4
165	345	4
169	318	4
172	306	4
175	301	4
179	308	4
182	328	4
186	342	4
189	314	4
192	296	4
196	293	4
199	305	4
202	297	4
206	302	4
209	338	4
213	310	4
216	312	4
219	346	4
223	310	4
226	290	4
230	317	4
233	313	4
236	352	4
240	308	4
243	320	4
246	315	4
250	292	4
253	318	4
257	332	4
260	337	4
263	304	4
267	344	4
270	344	4
274	315	4
277	340	4
280	284	4
284	331	4
287	333	4
290	300	4
294	325	4
297	332	4
301	318	4
304	336	4
307	370	4
311	329	4
314	347	4
318	327	4
321	339	4
324	314	4
328	320	4
331	346	4
334	317	4
338	314	4
341	314	4
345	329	4
348	314	4
351	353	4
355	324	4
358	370	4
362	295	4
365	322	4
368	314	4
372	294	4
375	324	4
378	318	4
382	345	4
385	349	4
389	321	4
392	362	4
395	292	4
399	344	4
402	305	4
406	290	4
409	350	4
412	343	4
416	310	4
419	308	4
422	360	4
426	333	4
429	322	4
433	321	4
436	321	4
439	316	4
443	352	4
446	298	4
450	301	4
453	336	4
456	344	4
460	326	4
463	326	4
466	329	4
470	316	4
473	327	4
477	325	4
480	319	4
483	293	4
487	329	4
490	328	4
494	335	4
497	305	4
500	304	4
504	314	4
507	335	4
510	328	4
514	344	4
517	359	4
521	347	4
524	319	4
527	340	4
531	335	4
534	293	4
538	303	4
541	338	4
544	328	4
548	333	4
551	296	4
554	317	4
558	308	4
561	335	4
565	322	4
568	344	4
571	292	4
575	306	4
578	348	4
582	335	4
585	316	4
588	327	4
592	328	4
595	322	4
598	328	4
602	343	4
605	305	4
609	293	4
612	346	4
615	328	4
619	303	4
622	328	4
626	307	4
629	308	4
632	285	4
636	313	4
639	301	4
642	273	4
646	310	4
649	291	4
653	307	4
656	287	4
659	311	4
663	307	4
666	299	4
670	312	4
673	317	4
676	309	4
680	319	4
683	320	4
686	333	4
690	308	4
693	296	4
697	314	4
700	323	4
703	310	4
707	318	4
710	324	4
714	307	4
717	307	4
720	330	4
724	354	4
727	297	4
730	345	4
