70	313	4
73	357	4
76	334	4
79	301	4
81	315	4
84	313	4
87	317	4
90	329	4
92	302	4
95	344	4
98	347	4
101	292	4
103	296	4
106	305	4
109	316	4
112	307	4
114	308	4
117	309	4
120	345	4
123	338	4
125	282	4
128	313	4
131	305	4
133	336	4
136	315	4
139	295	4
142	313	4
144	335	4
147	325	4
150	317	4
153	310	4
155	318	4
158	291	4
161	336	4
164	314	4
166	322	4
169	306	4
172	313	4
175	352	4
177	306	4
180	313	4
183	300	4
185	316	4
188	287	4
191	297	4
194	310	4
196	323	4
199	300	4
202	302	4
205	331	4
207	322	4
210	330	4
213	324	4
216	327	4
218	319	4
221	314	4
224	330	4
227	281	4
229	327	4
232	299	4
235	319	4
238	296	4
240	314	4
243	322	4
246	316	4
248	314	4
251	331	4
254	317	4
257	302	4
259	332	4
262	311	4
265	306	4
268	317	4
270	303	4
273	329	4
276	322	4
279	316	4
281	312	4
284	311	4
287	313	4
290	325	4
292	344	4
295	287	4
298	321	4
300	324	4
303	290	4
306	302	4
309	330	4
311	312	4
314	300	4
317	337	4
320	343	4
322	315	4
325	328	4
328	314	4
331	304	4
333	322	4
336	337	4
339	324	4
342	298	4
344	292	4
347	303	4
350	304	4
352	342	4
355	325	4
358	318	4
361	337	4
363	307	4
366	313	4
369	319	4
372	353	4
374	316	4
377	317	4
380	316	4
383	318	4
385	328	4
388	325	4
391	323	4
394	312	4
396	319	4
399	312	4
402	317	4
404	313	4
407	326	4
410	318	4
413	297	4
415	304	4
418	306	4
421	319	4
424	311	4
426	297	4
429	316	4
432	319	4
435	319	4
437	302	4
440	294	4
443	309	4
446	336	4
448	303	4
451	333	4
454	302	4
457	316	4
459	310	4
462	323	4
465	333	4
467	318	4
470	316	4
473	313	4
476	306	4
478	322	4
481	256	4
484	271	4
487	300	4
489	309	4
492	344	4
495	320	4
498	304	4
500	336	4
503	288	4
506	308	4
509	334	4
511	310	4
514	318	4
517	327	4
519	320	4
522	331	4
525	317	4
528	305	4
530	306	4
533	315	4
536	301	4
539	316	4
541	302	4
544	294	4
547	334	4
550	307	4
552	307	4
555	327	4
558	331	4
561	310	4
563	321	4
566	326	4
569	319	4
571	318	4
574	327	4
577	310	4
580	316	4
582	349	4
585	305	4
588	329	4
591	338	4
593	336	4
596	342	4
599	328	4
602	320	4
604	319	4
607	295	4
610	302	4
613	315	4
615	320	4
618	303	4
621	314	4
624	342	4
626	327	4
629	330	4
632	303	4
634	301	4
637	298	4
640	304	4
643	319	4
645	316	4
648	309	4
651	312	4
654	313	4
656	312	4
659	306	4
662	300	4
665	297	4
667	312	4
670	295	4
673	289	4
676	306	4
678	309	4
681	309	4
684	311	4
686	330	4
689	307	4
692	329	4
695	313	4
697	321	4
700	321	4
703	318	4
706	288	4
708	312	4
711	268	4
714	309	4
717	294	4
719	315	4
722	294	4
725	306	4
728	325	4
730	299	4
733	316	4
736	284	4
738	328	4
70	297	4
73	306	4
76	306	4
79	304	4
81	318	4
84	304	4
87	303	4
90	334	4
92	291	4
95	310	4
98	314	4
101	310	4
103	320	4
106	313	4
109	330	4
112	310	4
114	322	4
117	311	4
120	333	4
123	305	4
125	316	4
128	305	4
131	298	4
133	309	4
136	318	4
139	286	4
142	311	4
144	314	4
147	319	4
150	322	4
153	303	4
155	295	4
158	275	4
161	308	4
164	324	4
166	302	4
169	310	4
172	300	4
175	312	4
177	315	4
180	302	4
183	340	4
185	307	4
188	293	4
191	312	4
194	331	4
196	300	4
199	302	4
202	268	4
205	306	4
207	312	4
210	328	4
213	320	4
216	300	4
218	307	4
221	310	4
224	316	4
227	312	4
229	271	4
232	301	4
235	297	4
238	310	4
240	309	4
243	307	4
246	314	4
248	318	4
251	307	4
254	312	4
257	308	4
259	308	4
262	307	4
265	300	4
268	320	4
270	317	4
273	325	4
276	326	4
279	309	4
281	320	4
284	306	4
287	304	4
290	296	4
292	289	4
295	321	4
298	294	4
300	306	4
303	315	4
306	322	4
309	332	4
311	289	4
314	300	4
317	312	4
320	306	4
322	307	4
325	313	4
328	278	4
331	304	4
333	321	4
336	306	4
339	317	4
342	338	4
344	299	4
347	313	4
350	316	4
352	297	4
355	333	4
358	312	4
361	314	4
363	314	4
366	301	4
369	312	4
372	333	4
374	296	4
377	313	4
380	306	4
383	300	4
385	320	4
388	315	4
391	317	4
394	305	4
396	313	4
399	281	4
402	303	4
404	299	4
407	320	4
410	314	4
413	276	4
415	316	4
418	314	4
421	308	4
424	315	4
426	299	4
429	304	4
432	338	4
435	303	4
437	310	4
440	317	4
443	307	4
446	307	4
448	343	4
451	310	4
454	321	4
457	309	4
459	316	4
462	333	4
465	310	4
467	315	4
470	309	4
473	323	4
476	319	4
478	306	4
481	283	4
484	339	4
487	317	4
489	305	4
492	295	4
495	284	4
498	315	4
500	311	4
503	297	4
506	290	4
509	318	4
511	313	4
514	298	4
517	307	4
519	321	4
522	317	4
525	319	4
528	302	4
530	312	4
533	322	4
536	311	4
539	299	4
541	311	4
544	290	4
547	309	4
550	327	4
552	310	4
555	311	4
558	303	4
561	311	4
563	317	4
566	309	4
569	324	4
571	318	4
574	338	4
577	318	4
580	311	4
582	322	4
585	309	4
588	305	4
591	329	4
593	307	4
596	318	4
599	306	4
602	312	4
604	309	4
607	297	4
610	296	4
613	288	4
615	302	4
618	302	4
621	303	4
624	307	4
626	309	4
629	321	4
632	309	4
634	292	4
637	320	4
640	329	4
643	313	4
645	295	4
648	310	4
651	284	4
654	301	4
656	301	4
659	315	4
662	298	4
665	308	4
667	304	4
670	300	4
673	310	4
676	309	4
678	323	4
681	339	4
684	312	4
686	318	4
689	316	4
692	317	4
695	309	4
697	299	4
700	314	4
703	297	4
706	320	4
708	278	4
711	314	4
714	307	4
717	306	4
719	303	4
722	302	4
725	322	4
728	303	4
730	308	4
733	298	4
736	310	4
738	312	4
70	247	4
73	333	4
76	304	4
79	335	4
81	257	4
84	330	4
87	316	4
90	333	4
92	319	4
95	300	4
98	291	4
101	219	4
103	293	4
106	319	4
109	315	4
112	324	4
114	301	4
117	321	4
120	300	4
123	278	4
125	323	4
128	263	4
131	303	4
133	262	4
136	312	4
139	269	4
142	314	4
144	309	4
147	341	4
150	285	4
153	333	4
155	312	4
158	300	4
161	273	4
164	309	4
166	359	4
169	309	4
172	318	4
175	306	4
177	296	4
180	350	4
183	354	4
185	342	4
188	256	4
191	295	4
194	301	4
196	286	4
199	287	4
202	311	4
205	286	4
207	304	4
210	315	4
213	309	4
216	322	4
218	354	4
221	288	4
224	336	4
227	237	4
229	331	4
232	319	4
235	324	4
238	310	4
240	315	4
243	307	4
246	312	4
248	310	4
251	322	4
254	305	4
257	332	4
259	355	4
262	329	4
265	317	4
268	319	4
270	318	4
273	332	4
276	251	4
279	289	4
281	298	4
284	332	4
287	315	4
290	297	4
292	326	4
295	276	4
298	282	4
300	326	4
303	300	4
306	258	4
309	353	4
311	305	4
314	297	4
317	291	4
320	295	4
322	292	4
325	291	4
328	306	4
331	301	4
333	323	4
336	339	4
339	282	4
342	313	4
344	301	4
347	259	4
350	294	4
352	317	4
355	300	4
358	309	4
361	326	4
363	309	4
366	325	4
369	319	4
372	333	4
374	313	4
377	328	4
380	348	4
383	340	4
385	328	4
388	322	4
391	338	4
394	269	4
396	320	4
399	295	4
402	309	4
404	309	4
407	297	4
410	345	4
413	199	4
415	314	4
418	275	4
421	295	4
424	292	4
426	330	4
429	299	4
432	310	4
435	315	4
437	270	4
440	298	4
443	337	4
446	312	4
448	286	4
451	305	4
454	331	4
457	335	4
459	341	4
462	297	4
465	347	4
467	323	4
470	260	4
473	289	4
476	291	4
478	320	4
481	304	4
484	296	4
487	300	4
489	327	4
492	331	4
495	336	4
498	316	4
500	380	4
503	301	4
506	351	4
509	337	4
511	314	4
514	319	4
517	331	4
519	334	4
522	356	4
525	331	4
528	300	4
530	322	4
533	343	4
536	333	4
539	330	4
541	332	4
544	306	4
547	347	4
550	330	4
552	304	4
555	351	4
558	344	4
561	334	4
563	308	4
566	313	4
569	348	4
571	343	4
574	358	4
577	350	4
580	344	4
582	350	4
585	296	4
588	317	4
591	338	4
593	295	4
596	342	4
599	322	4
602	322	4
604	283	4
607	302	4
610	319	4
613	318	4
615	309	4
618	270	4
621	302	4
624	343	4
626	336	4
629	364	4
632	340	4
634	286	4
637	314	4
640	335	4
643	324	4
645	368	4
648	336	4
651	287	4
654	322	4
656	325	4
659	338	4
662	312	4
665	269	4
667	329	4
670	308	4
673	308	4
676	276	4
678	299	4
681	331	4
684	329	4
686	327	4
689	325	4
692	352	4
695	313	4
697	300	4
700	329	4
703	315	4
706	325	4
708	300	4
711	326	4
714	243	4
717	355	4
719	300	4
722	243	4
725	332	4
728	282	4
730	321	4
733	302	4
736	272	4
738	343	4
70	304	4
73	356	4
76	328	4
79	317	4
81	314	4
84	308	4
87	308	4
90	331	4
92	313	4
95	316	4
98	297	4
101	305	4
103	308	4
106	318	4
109	311	4
112	297	4
114	312	4
117	291	4
120	318	4
123	304	4
125	317	4
128	302	4
131	315	4
133	306	4
136	318	4
139	304	4
142	309	4
144	333	4
147	313	4
150	331	4
153	309	4
155	311	4
158	282	4
161	336	4
164	326	4
166	306	4
169	312	4
172	340	4
175	342	4
177	288	4
180	336	4
183	326	4
185	290	4
188	278	4
191	297	4
194	324	4
196	309	4
199	299	4
202	323	4
205	328	4
207	315	4
210	318	4
213	314	4
216	301	4
218	310	4
221	354	4
224	290	4
227	276	4
229	293	4
232	307	4
235	287	4
238	296	4
240	316	4
243	318	4
246	328	4
248	310	4
251	324	4
254	337	4
257	321	4
259	356	4
262	312	4
265	313	4
268	325	4
270	317	4
273	343	4
276	284	4
279	305	4
281	296	4
284	298	4
287	330	4
290	306	4
292	336	4
295	288	4
298	290	4
300	334	4
303	319	4
306	307	4
309	350	4
311	332	4
314	289	4
317	352	4
320	323	4
322	315	4
325	321	4
328	331	4
331	263	4
333	328	4
336	328	4
339	312	4
342	305	4
344	275	4
347	288	4
350	292	4
352	301	4
355	306	4
358	327	4
361	307	4
363	325	4
366	324	4
369	303	4
372	318	4
374	305	4
377	340	4
380	323	4
383	330	4
385	330	4
388	293	4
391	326	4
394	317	4
396	315	4
399	306	4
402	309	4
404	313	4
407	317	4
410	342	4
413	308	4
415	305	4
418	291	4
421	327	4
424	311	4
426	298	4
429	325	4
432	332	4
435	303	4
437	303	4
440	282	4
443	293	4
446	316	4
448	283	4
451	331	4
454	337	4
457	319	4
459	331	4
462	318	4
465	322	4
467	328	4
470	303	4
473	316	4
476	289	4
478	327	4
481	323	4
484	287	4
487	315	4
489	323	4
492	327	4
495	325	4
498	310	4
500	354	4
503	293	4
506	295	4
509	332	4
511	305	4
514	321	4
517	332	4
519	351	4
522	326	4
525	319	4
528	309	4
530	312	4
533	323	4
536	311	4
539	313	4
541	295	4
544	316	4
547	334	4
550	331	4
552	289	4
555	320	4
558	326	4
561	327	4
563	328	4
566	255	4
569	295	4
571	325	4
574	354	4
577	335	4
580	323	4
582	343	4
585	306	4
588	335	4
591	365	4
593	314	4
596	302	4
599	303	4
602	323	4
604	323	4
607	308	4
610	328	4
613	303	4
615	319	4
618	297	4
621	328	4
624	336	4
626	339	4
629	339	4
632	322	4
634	294	4
637	319	4
640	310	4
643	326	4
645	336	4
648	293	4
651	310	4
654	317	4
656	299	4
659	306	4
662	289	4
665	310	4
667	317	4
670	296	4
673	298	4
676	296	4
678	345	4
681	336	4
684	329	4
686	315	4
689	313	4
692	325	4
695	314	4
697	310	4
700	299	4
703	320	4
706	315	4
708	322	4
711	319	4
714	323	4
717	283	4
719	317	4
722	309	4
725	312	4
728	307	4
730	299	4
733	311	4
736	294	4
738	325	4
70	331	4
73	337	4
76	337	4
79	326	4
81	291	4
84	322	4
87	314	4
90	336	4
92	318	4
95	337	4
98	286	4
101	305	4
103	299	4
106	313	4
109	302	4
112	305	4
114	319	4
117	323	4
120	346	4
123	308	4
125	278	4
128	328	4
131	296	4
133	312	4
136	313	4
139	311	4
142	294	4
144	321	4
147	327	4
150	304	4
153	308	4
155	319	4
158	287	4
161	359	4
164	329	4
166	352	4
169	310	4
172	325	4
175	338	4
177	297	4
180	336	4
183	325	4
185	303	4
188	311	4
191	311	4
194	320	4
196	308	4
199	312	4
202	329	4
205	315	4
207	314	4
210	338	4
213	260	4
216	312	4
218	309	4
221	335	4
224	291	4
227	308	4
229	326	4
232	302	4
235	334	4
238	321	4
240	328	4
243	326	4
246	359	4
248	322	4
251	330	4
254	325	4
257	298	4
259	335	4
262	324	4
265	303	4
268	317	4
270	305	4
273	312	4
276	296	4
279	300	4
281	301	4
284	335	4
287	284	4
290	313	4
292	300	4
295	297	4
298	297	4
300	330	4
303	281	4
306	315	4
309	325	4
311	321	4
314	299	4
317	325	4
320	306	4
322	305	4
325	317	4
328	351	4
331	263	4
333	330	4
336	300	4
339	300	4
342	327	4
344	309	4
347	297	4
350	299	4
352	305	4
355	308	4
358	336	4
361	301	4
363	322	4
366	305	4
369	317	4
372	333	4
374	326	4
377	335	4
380	337	4
383	338	4
385	322	4
388	325	4
391	325	4
394	314	4
396	304	4
399	327	4
402	298	4
404	319	4
407	312	4
410	321	4
413	301	4
415	306	4
418	307	4
421	295	4
424	313	4
426	293	4
429	309	4
432	330	4
435	320	4
437	287	4
440	296	4
443	295	4
446	336	4
448	321	4
451	360	4
454	349	4
457	323	4
459	341	4
462	311	4
465	319	4
467	292	4
470	314	4
473	305	4
476	307	4
478	327	4
481	292	4
484	336	4
487	330	4
489	344	4
492	320	4
495	332	4
498	326	4
500	318	4
503	295	4
506	289	4
509	337	4
511	295	4
514	344	4
517	330	4
519	324	4
522	343	4
525	334	4
528	279	4
530	309	4
533	331	4
536	320	4
539	293	4
541	293	4
544	328	4
547	313	4
550	325	4
552	312	4
555	346	4
558	338	4
561	339	4
563	325	4
566	321	4
569	366	4
571	340	4
574	361	4
577	288	4
580	297	4
582	316	4
585	285	4
588	327	4
591	370	4
593	320	4
596	340	4
599	349	4
602	290	4
604	310	4
607	322	4
610	314	4
613	318	4
615	332	4
618	313	4
621	302	4
624	339	4
626	345	4
629	305	4
632	312	4
634	311	4
637	284	4
640	299	4
643	334	4
645	312	4
648	313	4
651	298	4
654	336	4
656	303	4
659	325	4
662	296	4
665	305	4
667	312	4
670	304	4
673	302	4
676	294	4
678	359	4
681	351	4
684	345	4
686	335	4
689	310	4
692	345	4
695	307	4
697	304	4
700	312	4
703	325	4
706	305	4
708	312	4
711	345	4
714	297	4
717	300	4
719	326	4
722	300	4
725	312	4
728	310	4
730	307	4
733	302	4
736	271	4
738	314	4
