70	304	4
73	356	4
76	328	4
79	317	4
81	314	4
84	308	4
87	308	4
90	331	4
92	313	4
95	316	4
98	297	4
101	305	4
103	308	4
106	318	4
109	311	4
112	297	4
114	312	4
117	291	4
120	318	4
123	304	4
125	317	4
128	302	4
131	315	4
133	306	4
136	318	4
139	304	4
142	309	4
144	333	4
147	313	4
150	331	4
153	309	4
155	311	4
158	282	4
161	336	4
164	326	4
166	306	4
169	312	4
172	340	4
175	342	4
177	288	4
180	336	4
183	326	4
185	290	4
188	278	4
191	297	4
194	324	4
196	309	4
199	299	4
202	323	4
205	328	4
207	315	4
210	318	4
213	314	4
216	301	4
218	310	4
221	354	4
224	290	4
227	276	4
229	293	4
232	307	4
235	287	4
238	296	4
240	316	4
243	318	4
246	328	4
248	310	4
251	324	4
254	337	4
257	321	4
259	356	4
262	312	4
265	313	4
268	325	4
270	317	4
273	343	4
276	284	4
279	305	4
281	296	4
284	298	4
287	330	4
290	306	4
292	336	4
295	288	4
298	290	4
300	334	4
303	319	4
306	307	4
309	350	4
311	332	4
314	289	4
317	352	4
320	323	4
322	315	4
325	321	4
328	331	4
331	263	4
333	328	4
336	328	4
339	312	4
342	305	4
344	275	4
347	288	4
350	292	4
352	301	4
355	306	4
358	327	4
361	307	4
363	325	4
366	324	4
369	303	4
372	318	4
374	305	4
377	340	4
380	323	4
383	330	4
385	330	4
388	293	4
391	326	4
394	317	4
396	315	4
399	306	4
402	309	4
404	313	4
407	317	4
410	342	4
413	308	4
415	305	4
418	291	4
421	327	4
424	311	4
426	298	4
429	325	4
432	332	4
435	303	4
437	303	4
440	282	4
443	293	4
446	316	4
448	283	4
451	331	4
454	337	4
457	319	4
459	331	4
462	318	4
465	322	4
467	328	4
470	303	4
473	316	4
476	289	4
478	327	4
481	323	4
484	287	4
487	315	4
489	323	4
492	327	4
495	325	4
498	310	4
500	354	4
503	293	4
506	295	4
509	332	4
511	305	4
514	321	4
517	332	4
519	351	4
522	326	4
525	319	4
528	309	4
530	312	4
533	323	4
536	311	4
539	313	4
541	295	4
544	316	4
547	334	4
550	331	4
552	289	4
555	320	4
558	326	4
561	327	4
563	328	4
566	255	4
569	295	4
571	325	4
574	354	4
577	335	4
580	323	4
582	343	4
585	306	4
588	335	4
591	365	4
593	314	4
596	302	4
599	303	4
602	323	4
604	323	4
607	308	4
610	328	4
613	303	4
615	319	4
618	297	4
621	328	4
624	336	4
626	339	4
629	339	4
632	322	4
634	294	4
637	319	4
640	310	4
643	326	4
645	336	4
648	293	4
651	310	4
654	317	4
656	299	4
659	306	4
662	289	4
665	310	4
667	317	4
670	296	4
673	298	4
676	296	4
678	345	4
681	336	4
684	329	4
686	315	4
689	313	4
692	325	4
695	314	4
697	310	4
700	299	4
703	320	4
706	315	4
708	322	4
711	319	4
714	323	4
717	283	4
719	317	4
722	309	4
725	312	4
728	307	4
730	299	4
733	311	4
736	294	4
738	325	4
