70	320	4
74	321	4
77	343	4
80	297	4
83	331	4
86	337	4
89	331	4
92	343	4
95	313	4
98	298	4
101	315	4
104	324	4
107	300	4
110	329	4
113	315	4
116	314	4
119	326	4
122	310	4
125	339	4
128	314	4
131	322	4
134	308	4
137	315	4
140	326	4
143	336	4
146	301	4
149	314	4
152	268	4
155	325	4
158	298	4
161	318	4
164	338	4
167	300	4
170	327	4
173	296	4
176	332	4
179	312	4
183	341	4
186	342	4
189	337	4
192	346	4
195	353	4
198	383	4
201	300	4
204	373	4
207	344	4
210	319	4
213	338	4
216	336	4
219	385	4
222	367	4
225	351	4
228	337	4
231	331	4
234	327	4
237	338	4
240	333	4
243	345	4
246	326	4
249	320	4
252	317	4
255	342	4
258	340	4
261	338	4
264	331	4
267	315	4
270	341	4
273	322	4
276	311	4
279	313	4
282	309	4
285	302	4
288	322	4
292	339	4
295	351	4
298	303	4
301	310	4
304	313	4
307	346	4
310	319	4
313	312	4
316	312	4
319	362	4
322	337	4
325	329	4
328	293	4
331	328	4
334	325	4
337	318	4
340	312	4
343	287	4
346	311	4
349	335	4
352	346	4
355	320	4
358	276	4
361	309	4
364	316	4
367	287	4
370	333	4
373	328	4
376	343	4
379	312	4
382	302	4
385	320	4
388	300	4
391	294	4
394	304	4
397	295	4
400	291	4
404	296	4
407	307	4
410	293	4
413	310	4
416	315	4
419	292	4
422	298	4
425	328	4
428	330	4
431	330	4
434	358	4
437	346	4
440	333	4
443	336	4
446	314	4
449	359	4
452	343	4
455	324	4
458	367	4
461	317	4
464	297	4
467	318	4
470	330	4
473	294	4
476	312	4
479	324	4
482	336	4
485	319	4
488	313	4
491	347	4
494	361	4
497	331	4
500	359	4
503	377	4
506	314	4
509	362	4
513	343	4
516	325	4
519	353	4
522	293	4
525	305	4
528	367	4
531	329	4
534	319	4
537	344	4
540	316	4
543	330	4
546	383	4
549	328	4
552	322	4
555	343	4
558	324	4
561	331	4
564	321	4
567	316	4
570	340	4
573	318	4
576	309	4
579	334	4
582	298	4
585	324	4
588	292	4
591	311	4
594	302	4
597	319	4
600	280	4
603	325	4
606	307	4
609	301	4
612	305	4
615	312	4
618	326	4
622	300	4
625	315	4
628	348	4
631	321	4
634	322	4
637	314	4
640	360	4
643	316	4
646	320	4
649	381	4
652	324	4
655	287	4
658	327	4
661	333	4
664	303	4
667	290	4
670	316	4
673	308	4
676	303	4
679	297	4
682	326	4
685	312	4
688	346	4
691	301	4
694	293	4
697	320	4
700	327	4
703	303	4
706	321	4
709	319	4
712	315	4
715	309	4
718	315	4
721	311	4
724	316	4
727	288	4
730	305	4
