70	304	4
82	291	4
94	305	4
105	303	4
117	325	4
128	255	4
140	317	4
152	300	4
163	310	4
175	315	4
186	331	4
198	311	4
209	321	4
221	300	4
233	304	4
244	296	4
256	316	4
267	331	4
279	304	4
290	311	4
302	315	4
314	316	4
325	304	4
337	312	4
348	314	4
360	296	4
372	339	4
383	329	4
395	307	4
406	315	4
418	317	4
429	308	4
441	314	4
453	292	4
464	325	4
476	317	4
487	330	4
499	329	4
510	330	4
522	307	4
534	321	4
545	270	4
557	315	4
568	326	4
580	297	4
592	301	4
603	315	4
615	302	4
626	312	4
638	302	4
649	289	4
661	316	4
673	332	4
684	342	4
696	310	4
707	318	4
719	306	4
730	314	4
