70	296	4
79	299	4
87	288	4
96	296	4
104	313	4
112	339	4
121	320	4
129	304	4
137	298	4
146	308	4
154	298	4
162	309	4
171	304	4
179	304	4
187	276	4
196	298	4
204	255	4
213	312	4
221	295	4
229	289	4
238	312	4
246	319	4
254	296	4
263	322	4
271	304	4
279	307	4
288	345	4
296	314	4
304	309	4
313	304	4
321	307	4
329	293	4
338	293	4
346	316	4
355	298	4
363	357	4
371	331	4
380	300	4
388	305	4
396	293	4
405	323	4
413	300	4
421	298	4
430	299	4
438	320	4
446	303	4
455	307	4
463	322	4
472	295	4
480	329	4
488	280	4
497	291	4
505	301	4
513	303	4
522	313	4
530	321	4
538	342	4
547	329	4
555	299	4
563	315	4
572	303	4
580	312	4
588	311	4
597	311	4
605	316	4
614	309	4
622	313	4
630	323	4
639	314	4
647	312	4
655	329	4
664	307	4
672	328	4
680	300	4
689	313	4
697	301	4
705	319	4
714	306	4
722	296	4
730	302	4
