70	327	4
78	293	4
85	334	4
92	306	4
99	330	4
106	280	4
113	300	4
120	304	4
127	294	4
134	341	4
141	312	4
148	318	4
155	323	4
162	340	4
169	281	4
176	312	4
183	292	4
190	316	4
197	324	4
204	311	4
211	294	4
218	328	4
225	300	4
232	302	4
239	295	4
246	292	4
253	310	4
260	311	4
267	291	4
274	321	4
281	315	4
288	308	4
295	307	4
302	299	4
309	302	4
316	313	4
323	362	4
330	278	4
337	305	4
344	303	4
351	307	4
358	306	4
365	302	4
372	291	4
379	306	4
386	301	4
393	312	4
400	304	4
408	321	4
415	299	4
422	305	4
429	295	4
436	298	4
443	296	4
450	294	4
457	306	4
464	301	4
471	297	4
478	296	4
485	300	4
492	286	4
499	307	4
506	298	4
513	306	4
520	296	4
527	319	4
534	300	4
541	312	4
548	291	4
555	315	4
562	314	4
569	328	4
576	298	4
583	293	4
590	312	4
597	310	4
604	299	4
611	317	4
618	304	4
625	307	4
632	311	4
639	300	4
646	327	4
653	323	4
660	274	4
667	320	4
674	325	4
681	329	4
688	319	4
695	295	4
702	311	4
709	304	4
716	289	4
723	303	4
730	306	4
