70	302	4
73	308	4
76	349	4
79	278	4
82	242	4
85	261	4
88	327	4
91	282	4
94	309	4
97	298	4
100	301	4
102	294	4
105	235	4
108	304	4
111	277	4
114	311	4
117	293	4
120	344	4
123	334	4
126	350	4
129	294	4
131	306	4
134	282	4
137	307	4
140	318	4
143	260	4
146	341	4
149	319	4
152	316	4
155	337	4
158	333	4
161	294	4
163	328	4
166	329	4
169	323	4
172	327	4
175	337	4
178	227	4
181	319	4
184	329	4
187	318	4
190	341	4
192	327	4
195	289	4
198	306	4
201	321	4
204	323	4
207	319	4
210	321	4
213	355	4
216	323	4
219	301	4
222	282	4
224	353	4
227	319	4
230	333	4
233	338	4
236	315	4
239	184	4
242	316	4
245	206	4
248	302	4
251	339	4
253	309	4
256	326	4
259	306	4
262	336	4
265	336	4
268	316	4
271	323	4
274	329	4
277	294	4
280	315	4
283	308	4
285	356	4
288	273	4
291	282	4
294	337	4
297	315	4
300	331	4
303	343	4
306	329	4
309	269	4
312	326	4
314	295	4
317	299	4
320	194	4
323	302	4
326	321	4
329	316	4
332	323	4
335	314	4
338	291	4
341	314	4
344	337	4
346	324	4
349	341	4
352	228	4
355	299	4
358	235	4
361	303	4
364	310	4
367	314	4
370	301	4
373	298	4
375	288	4
378	292	4
381	230	4
384	241	4
387	330	4
390	305	4
393	298	4
396	293	4
399	178	4
402	328	4
404	291	4
407	336	4
410	298	4
413	315	4
416	327	4
419	298	4
422	319	4
425	195	4
428	310	4
431	220	4
434	305	4
436	319	4
439	327	4
442	326	4
445	307	4
448	282	4
451	319	4
454	312	4
457	315	4
460	194	4
463	277	4
465	317	4
468	306	4
471	330	4
474	301	4
477	222	4
480	322	4
483	311	4
486	314	4
489	314	4
492	297	4
495	278	4
497	318	4
500	327	4
503	282	4
506	348	4
509	307	4
512	312	4
515	326	4
518	307	4
521	270	4
524	299	4
526	302	4
529	294	4
532	298	4
535	317	4
538	310	4
541	348	4
544	278	4
547	313	4
550	336	4
553	312	4
556	305	4
558	302	4
561	298	4
564	226	4
567	297	4
570	294	4
573	329	4
576	294	4
579	278	4
582	308	4
585	290	4
587	289	4
590	302	4
593	289	4
596	274	4
599	256	4
602	251	4
605	304	4
608	345	4
611	202	4
614	311	4
617	295	4
619	277	4
622	298	4
625	238	4
628	250	4
631	349	4
634	333	4
637	221	4
640	270	4
643	278	4
646	331	4
648	276	4
651	282	4
654	289	4
657	321	4
660	277	4
663	282	4
666	281	4
669	306	4
672	265	4
675	322	4
678	302	4
680	282	4
683	233	4
686	312	4
689	292	4
692	300	4
695	288	4
698	283	4
701	319	4
704	239	4
707	298	4
709	296	4
712	267	4
715	298	4
718	333	4
721	296	4
724	256	4
727	305	4
730	299	4
733	317	4
736	302	4
738	278	4
741	189	4
744	278	4
747	294	4
750	310	4
753	301	4
756	302	4
759	343	4
762	270	4
765	289	4
768	297	4
770	317	4
773	206	4
776	242	4
779	290	4
782	253	4
785	302	4
788	288	4
791	279	4
794	322	4
797	314	4
799	270	4
802	272	4
805	290	4
808	279	4
811	302	4
814	224	4
817	305	4
820	324	4
823	324	4
826	264	4
829	299	4
831	299	4
834	319	4
837	284	4
840	300	4
843	330	4
846	238	4
849	314	4
852	280	4
855	283	4
858	319	4
860	317	4
863	301	4
866	289	4
869	289	4
872	303	4
875	265	4
878	274	4
881	294	4
884	239	4
887	289	4
890	281	4
892	276	4
895	287	4
898	296	4
901	301	4
904	291	4
907	313	4
910	319	4
913	241	4
916	289	4
919	296	4
921	286	4
924	298	4
927	315	4
930	313	4
933	319	4
936	333	4
939	270	4
942	324	4
945	324	4
948	279	4
951	293	4
953	318	4
956	314	4
959	299	4
962	328	4
965	327	4
968	305	4
971	296	4
974	264	4
977	306	4
980	302	4
982	279	4
985	299	4
988	292	4
991	308	4
994	278	4
997	298	4
1000	286	4
1003	263	4
1006	299	4
1009	295	4
1012	297	4
1014	292	4
1017	323	4
1020	292	4
1023	301	4
1026	253	4
1029	325	4
1032	278	4
1035	288	4
1038	303	4
1041	336	4
1043	169	4
1046	277	4
1049	302	4
1052	287	4
1055	300	4
1058	294	4
1061	292	4
1064	285	4
1067	234	4
1070	306	4
1072	257	4
