70	329	4
79	342	4
87	313	4
96	296	4
104	310	4
112	329	4
121	320	4
129	307	4
137	316	4
146	321	4
154	305	4
162	314	4
171	305	4
179	313	4
187	301	4
196	302	4
204	332	4
213	310	4
221	296	4
229	317	4
238	299	4
246	324	4
254	319	4
263	338	4
271	320	4
279	304	4
288	318	4
296	317	4
304	306	4
313	296	4
321	297	4
329	323	4
338	269	4
346	314	4
355	299	4
363	346	4
371	318	4
380	305	4
388	306	4
396	332	4
405	302	4
413	296	4
421	291	4
430	308	4
438	298	4
446	290	4
455	315	4
463	321	4
472	303	4
480	317	4
488	306	4
497	308	4
505	311	4
513	308	4
522	296	4
530	307	4
538	335	4
547	306	4
555	302	4
563	277	4
572	301	4
580	306	4
588	322	4
597	280	4
605	299	4
614	304	4
622	305	4
630	323	4
639	316	4
647	301	4
655	340	4
664	308	4
672	310	4
680	320	4
689	313	4
697	303	4
705	298	4
714	301	4
722	311	4
730	309	4
