70	306	4
73	289	4
76	315	4
79	319	4
82	305	4
85	330	4
88	288	4
91	283	4
94	306	4
96	303	4
99	305	4
102	287	4
105	289	4
108	325	4
111	298	4
114	289	4
117	277	4
119	317	4
122	318	4
125	306	4
128	342	4
131	285	4
134	285	4
137	327	4
140	302	4
143	317	4
145	312	4
148	299	4
151	337	4
154	301	4
157	282	4
160	326	4
163	285	4
166	327	4
168	294	4
171	297	4
174	320	4
177	280	4
180	290	4
183	305	4
186	290	4
189	306	4
192	290	4
194	327	4
197	299	4
200	308	4
203	289	4
206	306	4
209	302	4
212	293	4
215	290	4
217	309	4
220	320	4
223	306	4
226	293	4
229	320	4
232	302	4
235	274	4
238	302	4
241	303	4
243	299	4
246	319	4
249	291	4
252	293	4
255	309	4
258	291	4
261	298	4
264	290	4
266	288	4
269	320	4
272	301	4
275	298	4
278	294	4
281	277	4
284	328	4
287	298	4
290	303	4
292	276	4
295	293	4
298	294	4
301	268	4
304	285	4
307	310	4
310	297	4
313	302	4
315	301	4
318	266	4
321	272	4
324	311	4
327	306	4
330	288	4
333	326	4
336	265	4
339	290	4
341	283	4
344	299	4
347	293	4
350	301	4
353	270	4
356	323	4
359	320	4
362	275	4
364	281	4
367	287	4
370	278	4
373	301	4
376	289	4
379	297	4
382	277	4
385	322	4
388	290	4
390	288	4
393	302	4
396	291	4
399	319	4
402	307	4
405	289	4
408	338	4
411	276	4
413	288	4
416	302	4
419	293	4
422	282	4
425	278	4
428	281	4
431	296	4
434	283	4
437	294	4
439	280	4
442	305	4
445	306	4
448	290	4
451	290	4
454	309	4
457	281	4
460	304	4
462	274	4
465	291	4
468	320	4
471	293	4
474	304	4
477	295	4
480	298	4
483	292	4
486	285	4
488	284	4
491	315	4
494	269	4
497	302	4
500	305	4
503	309	4
506	334	4
509	275	4
511	286	4
514	259	4
517	275	4
520	307	4
523	316	4
526	300	4
529	289	4
532	280	4
535	288	4
537	307	4
540	279	4
543	285	4
546	301	4
549	302	4
552	281	4
555	293	4
558	295	4
560	289	4
563	291	4
566	310	4
569	294	4
572	227	4
575	314	4
578	291	4
581	301	4
584	292	4
586	280	4
589	288	4
592	324	4
595	291	4
598	299	4
601	288	4
604	290	4
607	327	4
609	304	4
612	289	4
615	312	4
618	296	4
621	295	4
624	324	4
627	317	4
630	314	4
633	299	4
635	299	4
638	303	4
641	296	4
644	305	4
647	293	4
650	285	4
653	303	4
656	294	4
658	314	4
661	313	4
664	315	4
667	320	4
670	297	4
673	299	4
676	327	4
679	303	4
682	312	4
684	281	4
687	317	4
690	293	4
693	297	4
696	308	4
699	309	4
702	285	4
705	299	4
707	299	4
710	306	4
713	327	4
716	300	4
719	287	4
722	309	4
725	269	4
728	318	4
730	284	4
