70	328	4
73	308	4
76	311	4
79	306	4
82	367	4
85	295	4
88	367	4
90	329	4
93	319	4
96	334	4
99	333	4
102	345	4
105	347	4
107	324	4
110	325	4
113	366	4
116	298	4
119	341	4
122	345	4
125	329	4
127	278	4
130	210	4
133	352	4
136	356	4
139	358	4
142	337	4
144	318	4
147	336	4
150	318	4
153	392	4
156	417	4
159	328	4
161	378	4
164	362	4
167	331	4
170	378	4
173	325	4
176	343	4
179	328	4
181	302	4
184	291	4
187	343	4
190	308	4
193	305	4
196	333	4
198	242	4
201	283	4
204	276	4
207	316	4
210	290	4
213	302	4
215	309	4
218	298	4
221	274	4
224	288	4
227	227	4
230	323	4
233	314	4
235	324	4
238	266	4
241	336	4
244	315	4
247	355	4
250	340	4
252	346	4
255	377	4
258	327	4
261	312	4
264	322	4
267	314	4
269	357	4
272	320	4
275	338	4
278	300	4
281	331	4
284	336	4
287	300	4
289	344	4
292	325	4
295	333	4
298	328	4
301	327	4
304	346	4
306	327	4
309	349	4
312	369	4
315	318	4
318	318	4
321	357	4
323	323	4
326	325	4
329	316	4
332	352	4
335	374	4
338	221	4
341	336	4
343	274	4
346	284	4
349	352	4
352	308	4
355	324	4
358	386	4
360	307	4
363	337	4
366	318	4
369	278	4
372	329	4
375	323	4
377	328	4
380	295	4
383	311	4
386	299	4
389	323	4
392	324	4
395	304	4
397	264	4
400	330	4
403	321	4
406	312	4
409	280	4
412	264	4
414	218	4
417	309	4
420	306	4
423	327	4
426	333	4
429	307	4
431	310	4
434	315	4
437	313	4
440	333	4
443	360	4
446	330	4
449	306	4
451	263	4
454	315	4
457	309	4
460	348	4
463	324	4
466	243	4
468	304	4
471	299	4
474	309	4
477	306	4
480	275	4
483	358	4
485	310	4
488	331	4
491	228	4
494	326	4
497	308	4
500	323	4
503	305	4
505	265	4
508	340	4
511	287	4
514	300	4
517	313	4
520	291	4
522	325	4
525	314	4
528	224	4
531	255	4
534	302	4
537	337	4
539	316	4
542	289	4
545	321	4
548	325	4
551	328	4
554	320	4
557	324	4
559	309	4
562	298	4
565	330	4
568	310	4
571	299	4
574	315	4
576	326	4
579	294	4
582	306	4
585	296	4
588	307	4
591	310	4
593	303	4
596	325	4
599	263	4
602	308	4
605	314	4
608	261	4
611	297	4
613	294	4
616	320	4
619	311	4
622	340	4
625	309	4
628	300	4
630	300	4
633	314	4
636	326	4
639	329	4
642	316	4
645	267	4
647	244	4
650	285	4
653	335	4
656	306	4
659	253	4
662	245	4
665	279	4
667	301	4
670	255	4
673	314	4
676	306	4
679	307	4
682	307	4
684	293	4
687	295	4
690	300	4
693	307	4
696	281	4
699	288	4
701	247	4
704	325	4
707	308	4
710	302	4
713	314	4
716	301	4
719	290	4
721	329	4
724	325	4
727	333	4
730	305	4
733	303	4
736	302	4
738	242	4
741	241	4
744	248	4
747	309	4
750	301	4
753	313	4
755	302	4
758	312	4
761	319	4
764	304	4
767	260	4
770	311	4
773	319	4
775	319	4
778	315	4
781	234	4
784	313	4
787	327	4
790	332	4
792	308	4
795	312	4
798	313	4
801	222	4
804	321	4
807	314	4
809	218	4
812	286	4
815	325	4
818	313	4
821	316	4
824	317	4
827	294	4
829	293	4
832	311	4
835	304	4
838	233	4
841	323	4
844	317	4
846	294	4
849	307	4
852	311	4
855	258	4
858	316	4
861	293	4
863	303	4
866	303	4
869	309	4
872	311	4
875	322	4
878	280	4
881	227	4
883	294	4
886	313	4
889	287	4
892	211	4
895	329	4
898	335	4
900	303	4
903	314	4
906	260	4
909	327	4
912	321	4
915	304	4
917	205	4
