70	304	4
73	304	4
76	300	4
79	292	4
82	317	4
85	318	4
88	291	4
91	294	4
94	328	4
97	295	4
100	311	4
103	315	4
106	301	4
109	256	4
112	299	4
115	293	4
118	289	4
121	307	4
124	335	4
127	327	4
130	308	4
133	318	4
136	292	4
139	296	4
142	299	4
145	309	4
148	289	4
151	294	4
154	306	4
157	296	4
160	301	4
163	327	4
166	282	4
169	315	4
172	334	4
175	332	4
178	349	4
181	290	4
184	322	4
187	308	4
190	279	4
193	294	4
196	305	4
199	265	4
202	345	4
205	310	4
208	303	4
211	306	4
214	328	4
217	303	4
220	306	4
223	299	4
226	322	4
229	316	4
232	303	4
235	293	4
238	324	4
241	298	4
244	291	4
247	279	4
250	298	4
253	296	4
256	305	4
259	298	4
262	329	4
265	324	4
268	323	4
271	307	4
274	312	4
277	321	4
280	303	4
283	321	4
286	306	4
289	309	4
291	333	4
294	311	4
297	288	4
300	316	4
303	304	4
306	319	4
309	305	4
312	314	4
315	298	4
318	294	4
321	295	4
324	312	4
327	288	4
330	310	4
333	296	4
336	318	4
339	307	4
342	296	4
345	297	4
348	322	4
351	284	4
354	299	4
357	322	4
360	318	4
363	335	4
366	293	4
369	294	4
372	315	4
375	299	4
378	297	4
381	320	4
384	315	4
387	305	4
390	297	4
393	287	4
396	298	4
399	313	4
402	308	4
405	314	4
408	291	4
411	317	4
414	326	4
417	303	4
420	296	4
423	304	4
426	298	4
429	289	4
432	307	4
435	296	4
438	315	4
441	309	4
444	294	4
447	276	4
450	298	4
453	287	4
456	289	4
459	288	4
462	276	4
465	323	4
468	326	4
471	307	4
474	303	4
477	302	4
480	299	4
483	288	4
486	294	4
489	304	4
492	310	4
495	309	4
498	304	4
501	298	4
504	284	4
507	313	4
510	298	4
512	309	4
515	340	4
518	279	4
521	311	4
524	318	4
527	336	4
530	329	4
533	310	4
536	293	4
539	295	4
542	291	4
545	286	4
548	291	4
551	298	4
554	295	4
557	300	4
560	300	4
563	317	4
566	300	4
569	315	4
572	285	4
575	285	4
578	310	4
581	307	4
584	313	4
587	305	4
590	305	4
593	285	4
596	292	4
599	316	4
602	330	4
605	339	4
608	291	4
611	311	4
614	311	4
617	299	4
620	241	4
623	307	4
626	314	4
629	348	4
632	312	4
635	291	4
638	308	4
641	289	4
644	304	4
647	336	4
650	276	4
653	323	4
656	285	4
659	296	4
662	295	4
665	319	4
668	294	4
671	264	4
674	315	4
677	292	4
680	291	4
683	325	4
686	299	4
689	327	4
692	302	4
695	312	4
698	300	4
701	320	4
704	295	4
707	317	4
710	308	4
713	330	4
716	295	4
719	318	4
722	309	4
725	295	4
728	308	4
730	305	4
70	318	4
73	318	4
76	311	4
79	314	4
82	293	4
85	289	4
88	316	4
91	312	4
94	306	4
97	299	4
100	315	4
103	291	4
106	299	4
109	277	4
112	296	4
115	308	4
118	285	4
121	331	4
124	288	4
127	321	4
130	310	4
133	309	4
136	313	4
139	295	4
142	310	4
145	306	4
148	320	4
151	315	4
154	310	4
157	307	4
160	305	4
163	299	4
166	317	4
169	312	4
172	301	4
175	303	4
178	309	4
181	299	4
184	314	4
187	316	4
190	291	4
193	320	4
196	309	4
199	355	4
202	313	4
205	331	4
208	294	4
211	319	4
214	324	4
217	313	4
220	294	4
223	292	4
226	318	4
229	295	4
232	289	4
235	302	4
238	312	4
241	324	4
244	300	4
247	295	4
250	309	4
253	295	4
256	303	4
259	305	4
262	319	4
265	308	4
268	304	4
271	299	4
274	308	4
277	311	4
280	296	4
283	273	4
286	325	4
289	292	4
291	322	4
294	301	4
297	308	4
300	316	4
303	325	4
306	306	4
309	286	4
312	316	4
315	334	4
318	313	4
321	309	4
324	315	4
327	311	4
330	306	4
333	325	4
336	299	4
339	321	4
342	330	4
345	316	4
348	321	4
351	313	4
354	308	4
357	319	4
360	312	4
363	321	4
366	296	4
369	306	4
372	310	4
375	308	4
378	301	4
381	310	4
384	282	4
387	332	4
390	333	4
393	297	4
396	307	4
399	302	4
402	305	4
405	300	4
408	294	4
411	311	4
414	326	4
417	316	4
420	293	4
423	301	4
426	291	4
429	310	4
432	315	4
435	287	4
438	301	4
441	322	4
444	298	4
447	299	4
450	304	4
453	310	4
456	271	4
459	295	4
462	328	4
465	312	4
468	265	4
471	318	4
474	306	4
477	310	4
480	329	4
483	311	4
486	306	4
489	317	4
492	312	4
495	279	4
498	303	4
501	306	4
504	317	4
507	298	4
510	306	4
512	321	4
515	318	4
518	327	4
521	316	4
524	308	4
527	295	4
530	306	4
533	301	4
536	305	4
539	318	4
542	324	4
545	309	4
548	307	4
551	309	4
554	301	4
557	305	4
560	312	4
563	311	4
566	312	4
569	312	4
572	305	4
575	287	4
578	304	4
581	329	4
584	325	4
587	310	4
590	312	4
593	306	4
596	313	4
599	309	4
602	323	4
605	323	4
608	316	4
611	306	4
614	298	4
617	305	4
620	296	4
623	305	4
626	302	4
629	319	4
632	298	4
635	306	4
638	319	4
641	311	4
644	317	4
647	308	4
650	303	4
653	309	4
656	320	4
659	310	4
662	312	4
665	320	4
668	304	4
671	307	4
674	295	4
677	312	4
680	292	4
683	321	4
686	319	4
689	306	4
692	297	4
695	306	4
698	312	4
701	299	4
704	302	4
707	312	4
710	315	4
713	293	4
716	295	4
719	317	4
722	302	4
725	315	4
728	303	4
730	322	4
70	353	4
73	333	4
76	319	4
79	261	4
82	374	4
85	315	4
88	299	4
91	315	4
94	313	4
97	332	4
100	323	4
103	320	4
106	281	4
109	323	4
112	321	4
115	259	4
118	325	4
121	294	4
124	390	4
127	265	4
130	266	4
133	333	4
136	208	4
139	309	4
142	260	4
145	323	4
148	311	4
151	287	4
154	335	4
157	306	4
160	317	4
163	326	4
166	327	4
169	322	4
172	359	4
175	325	4
178	349	4
181	297	4
184	314	4
187	323	4
190	245	4
193	288	4
196	362	4
199	232	4
202	297	4
205	299	4
208	306	4
211	305	4
214	334	4
217	306	4
220	313	4
223	281	4
226	312	4
229	278	4
232	311	4
235	323	4
238	331	4
241	306	4
244	308	4
247	296	4
250	303	4
253	288	4
256	291	4
259	268	4
262	330	4
265	323	4
268	287	4
271	298	4
274	324	4
277	317	4
280	349	4
283	286	4
286	273	4
289	320	4
291	335	4
294	329	4
297	318	4
300	338	4
303	302	4
306	216	4
309	322	4
312	305	4
315	292	4
318	233	4
321	280	4
324	316	4
327	294	4
330	327	4
333	285	4
336	295	4
339	293	4
342	278	4
345	266	4
348	269	4
351	293	4
354	359	4
357	322	4
360	302	4
363	350	4
366	241	4
369	302	4
372	309	4
375	260	4
378	297	4
381	314	4
384	234	4
387	315	4
390	336	4
393	297	4
396	295	4
399	320	4
402	312	4
405	306	4
408	301	4
411	306	4
414	265	4
417	302	4
420	299	4
423	311	4
426	305	4
429	317	4
432	332	4
435	297	4
438	312	4
441	308	4
444	302	4
447	303	4
450	317	4
453	315	4
456	279	4
459	281	4
462	348	4
465	307	4
468	272	4
471	319	4
474	281	4
477	305	4
480	338	4
483	315	4
486	308	4
489	308	4
492	291	4
495	307	4
498	274	4
501	324	4
504	299	4
507	260	4
510	307	4
512	174	4
515	312	4
518	273	4
521	329	4
524	319	4
527	344	4
530	313	4
533	338	4
536	248	4
539	308	4
542	312	4
545	233	4
548	248	4
551	293	4
554	292	4
557	308	4
560	308	4
563	306	4
566	272	4
569	334	4
572	281	4
575	299	4
578	327	4
581	324	4
584	346	4
587	275	4
590	319	4
593	285	4
596	352	4
599	322	4
602	309	4
605	328	4
608	251	4
611	304	4
614	308	4
617	243	4
620	272	4
623	302	4
626	316	4
629	336	4
632	300	4
635	307	4
638	322	4
641	306	4
644	321	4
647	327	4
650	288	4
653	282	4
656	308	4
659	299	4
662	319	4
665	301	4
668	297	4
671	300	4
674	307	4
677	338	4
680	293	4
683	372	4
686	313	4
689	327	4
692	318	4
695	319	4
698	318	4
701	321	4
704	294	4
707	301	4
710	298	4
713	364	4
716	300	4
719	323	4
722	319	4
725	310	4
728	302	4
730	296	4
70	316	4
73	312	4
76	306	4
79	299	4
82	327	4
85	320	4
88	295	4
91	292	4
94	292	4
97	334	4
100	301	4
103	312	4
106	276	4
109	309	4
112	288	4
115	299	4
118	289	4
121	305	4
124	347	4
127	306	4
130	304	4
133	321	4
136	303	4
139	292	4
142	305	4
145	313	4
148	279	4
151	297	4
154	310	4
157	301	4
160	298	4
163	326	4
166	322	4
169	305	4
172	337	4
175	323	4
178	343	4
181	296	4
184	320	4
187	330	4
190	300	4
193	293	4
196	339	4
199	283	4
202	313	4
205	300	4
208	296	4
211	293	4
214	332	4
217	295	4
220	316	4
223	298	4
226	292	4
229	324	4
232	312	4
235	291	4
238	321	4
241	291	4
244	300	4
247	282	4
250	300	4
253	282	4
256	296	4
259	296	4
262	336	4
265	343	4
268	323	4
271	296	4
274	328	4
277	305	4
280	318	4
283	310	4
286	294	4
289	299	4
291	313	4
294	292	4
297	272	4
300	326	4
303	303	4
306	324	4
309	307	4
312	309	4
315	333	4
318	324	4
321	334	4
324	318	4
327	304	4
330	308	4
333	306	4
336	320	4
339	293	4
342	251	4
345	234	4
348	329	4
351	316	4
354	303	4
357	316	4
360	344	4
363	327	4
366	307	4
369	298	4
372	309	4
375	311	4
378	321	4
381	314	4
384	312	4
387	316	4
390	323	4
393	292	4
396	302	4
399	315	4
402	290	4
405	310	4
408	287	4
411	301	4
414	305	4
417	326	4
420	295	4
423	295	4
426	306	4
429	312	4
432	315	4
435	297	4
438	301	4
441	309	4
444	303	4
447	277	4
450	301	4
453	298	4
456	304	4
459	281	4
462	318	4
465	315	4
468	299	4
471	312	4
474	319	4
477	305	4
480	331	4
483	293	4
486	294	4
489	304	4
492	298	4
495	315	4
498	315	4
501	324	4
504	298	4
507	298	4
510	313	4
512	316	4
515	344	4
518	296	4
521	302	4
524	307	4
527	325	4
530	324	4
533	326	4
536	293	4
539	300	4
542	288	4
545	292	4
548	280	4
551	282	4
554	315	4
557	304	4
560	320	4
563	298	4
566	304	4
569	319	4
572	280	4
575	297	4
578	308	4
581	314	4
584	331	4
587	316	4
590	310	4
593	294	4
596	274	4
599	316	4
602	322	4
605	315	4
608	303	4
611	302	4
614	310	4
617	301	4
620	264	4
623	291	4
626	320	4
629	322	4
632	295	4
635	294	4
638	318	4
641	312	4
644	322	4
647	343	4
650	289	4
653	314	4
656	304	4
659	301	4
662	296	4
665	316	4
668	300	4
671	291	4
674	303	4
677	317	4
680	332	4
683	316	4
686	314	4
689	327	4
692	296	4
695	301	4
698	294	4
701	308	4
704	307	4
707	307	4
710	280	4
713	338	4
716	276	4
719	310	4
722	301	4
725	304	4
728	294	4
730	289	4
70	356	4
73	312	4
76	299	4
79	287	4
82	316	4
85	334	4
88	309	4
91	318	4
94	293	4
97	322	4
100	323	4
103	308	4
106	266	4
109	310	4
112	307	4
115	292	4
118	307	4
121	301	4
124	316	4
127	311	4
130	292	4
133	315	4
136	293	4
139	312	4
142	313	4
145	319	4
148	312	4
151	291	4
154	306	4
157	323	4
160	305	4
163	332	4
166	331	4
169	306	4
172	351	4
175	304	4
178	344	4
181	299	4
184	335	4
187	335	4
190	317	4
193	290	4
196	324	4
199	305	4
202	321	4
205	318	4
208	311	4
211	298	4
214	293	4
217	317	4
220	323	4
223	307	4
226	324	4
229	310	4
232	306	4
235	312	4
238	353	4
241	315	4
244	305	4
247	299	4
250	308	4
253	296	4
256	321	4
259	278	4
262	315	4
265	349	4
268	302	4
271	330	4
274	332	4
277	322	4
280	311	4
283	314	4
286	296	4
289	343	4
291	305	4
294	299	4
297	291	4
300	320	4
303	323	4
306	311	4
309	293	4
312	320	4
315	300	4
318	317	4
321	323	4
324	312	4
327	314	4
330	333	4
333	307	4
336	318	4
339	302	4
342	271	4
345	278	4
348	315	4
351	306	4
354	320	4
357	306	4
360	326	4
363	326	4
366	305	4
369	277	4
372	294	4
375	299	4
378	301	4
381	316	4
384	300	4
387	333	4
390	287	4
393	297	4
396	312	4
399	320	4
402	309	4
405	323	4
408	303	4
411	279	4
414	287	4
417	315	4
420	302	4
423	311	4
426	286	4
429	298	4
432	339	4
435	274	4
438	304	4
441	315	4
444	306	4
447	287	4
450	301	4
453	311	4
456	304	4
459	291	4
462	346	4
465	309	4
468	330	4
471	300	4
474	309	4
477	300	4
480	353	4
483	294	4
486	308	4
489	327	4
492	288	4
495	283	4
498	307	4
501	313	4
504	301	4
507	305	4
510	290	4
512	288	4
515	334	4
518	299	4
521	285	4
524	315	4
527	306	4
530	327	4
533	314	4
536	301	4
539	321	4
542	302	4
545	321	4
548	272	4
551	296	4
554	323	4
557	308	4
560	310	4
563	321	4
566	306	4
569	306	4
572	305	4
575	301	4
578	316	4
581	329	4
584	326	4
587	314	4
590	306	4
593	320	4
596	297	4
599	306	4
602	314	4
605	321	4
608	319	4
611	311	4
614	327	4
617	288	4
620	254	4
623	308	4
626	326	4
629	349	4
632	324	4
635	304	4
638	323	4
641	304	4
644	330	4
647	327	4
650	304	4
653	308	4
656	308	4
659	304	4
662	313	4
665	291	4
668	319	4
671	272	4
674	331	4
677	316	4
680	306	4
683	320	4
686	337	4
689	338	4
692	316	4
695	317	4
698	319	4
701	334	4
704	306	4
707	290	4
710	298	4
713	337	4
716	283	4
719	321	4
722	309	4
725	298	4
728	301	4
730	316	4
