70	272	4
74	294	4
77	287	4
80	293	4
83	305	4
86	305	4
89	290	4
92	290	4
95	323	4
98	324	4
101	314	4
104	286	4
107	301	4
110	275	4
113	291	4
116	294	4
120	297	4
123	292	4
126	288	4
129	279	4
132	333	4
135	305	4
138	305	4
141	293	4
144	317	4
147	319	4
150	282	4
153	297	4
156	310	4
159	298	4
162	276	4
166	293	4
169	290	4
172	309	4
175	291	4
178	295	4
181	311	4
184	306	4
187	314	4
190	326	4
193	285	4
196	305	4
199	307	4
202	318	4
205	301	4
208	308	4
212	292	4
215	339	4
218	286	4
221	297	4
224	288	4
227	310	4
230	305	4
233	311	4
236	300	4
239	329	4
242	292	4
245	317	4
248	313	4
251	273	4
254	283	4
258	287	4
261	325	4
264	311	4
267	300	4
270	309	4
273	297	4
276	290	4
279	332	4
282	311	4
285	307	4
288	306	4
291	272	4
294	294	4
297	311	4
300	293	4
304	290	4
307	294	4
310	298	4
313	305	4
316	311	4
319	286	4
322	305	4
325	294	4
328	293	4
331	304	4
334	294	4
337	322	4
340	300	4
343	325	4
346	307	4
350	310	4
353	318	4
356	296	4
359	303	4
362	286	4
365	289	4
368	300	4
371	306	4
374	321	4
377	289	4
380	276	4
383	309	4
386	286	4
389	296	4
392	290	4
396	303	4
399	300	4
402	281	4
405	297	4
408	309	4
411	295	4
414	303	4
417	310	4
420	267	4
423	295	4
426	288	4
429	320	4
432	349	4
435	282	4
438	301	4
442	306	4
445	311	4
448	303	4
451	302	4
454	309	4
457	311	4
460	293	4
463	289	4
466	305	4
469	336	4
472	280	4
475	300	4
478	322	4
481	293	4
484	290	4
488	305	4
491	301	4
494	287	4
497	323	4
500	324	4
503	287	4
506	333	4
509	293	4
512	303	4
515	285	4
518	276	4
521	290	4
524	294	4
527	292	4
530	298	4
534	288	4
537	288	4
540	310	4
543	308	4
546	293	4
549	274	4
552	300	4
555	309	4
558	288	4
561	300	4
564	305	4
567	310	4
570	305	4
573	296	4
576	288	4
580	299	4
583	303	4
586	294	4
589	309	4
592	322	4
595	281	4
598	310	4
601	286	4
604	305	4
607	309	4
610	301	4
613	308	4
616	308	4
619	302	4
622	292	4
626	291	4
629	283	4
632	293	4
635	299	4
638	296	4
641	317	4
644	326	4
647	309	4
650	300	4
653	305	4
656	302	4
659	324	4
662	288	4
665	308	4
668	303	4
672	310	4
675	314	4
678	311	4
681	299	4
684	296	4
687	296	4
690	296	4
693	321	4
696	315	4
699	280	4
702	288	4
705	283	4
708	269	4
711	332	4
714	308	4
718	296	4
721	309	4
724	311	4
727	321	4
730	310	4
733	309	4
736	295	4
739	324	4
742	318	4
745	286	4
748	284	4
751	286	4
754	298	4
757	306	4
760	318	4
764	316	4
767	306	4
770	293	4
773	311	4
776	316	4
779	312	4
782	308	4
785	282	4
788	310	4
791	287	4
794	323	4
797	314	4
800	298	4
803	283	4
806	302	4
810	305	4
813	295	4
816	333	4
819	300	4
822	286	4
825	297	4
828	273	4
831	310	4
834	305	4
837	307	4
840	302	4
843	318	4
846	309	4
849	313	4
852	315	4
856	291	4
859	316	4
862	265	4
865	323	4
868	311	4
871	304	4
874	296	4
877	296	4
880	282	4
883	289	4
886	304	4
889	324	4
892	294	4
895	303	4
898	311	4
902	315	4
905	292	4
908	300	4
911	305	4
914	336	4
917	286	4
920	281	4
923	283	4
926	311	4
929	286	4
932	293	4
935	288	4
938	296	4
941	326	4
944	295	4
948	297	4
951	292	4
954	297	4
957	274	4
960	283	4
963	294	4
966	292	4
969	280	4
972	288	4
975	317	4
978	300	4
981	292	4
984	296	4
987	322	4
990	297	4
994	291	4
997	321	4
1000	318	4
1003	321	4
1006	299	4
1009	327	4
1012	290	4
1015	300	4
1018	295	4
1021	310	4
1024	328	4
1027	319	4
1030	297	4
1033	304	4
1036	310	4
1040	314	4
1043	310	4
1046	307	4
1049	254	4
1052	334	4
1055	337	4
1058	328	4
1061	305	4
1064	310	4
1067	307	4
1070	323	4
1073	298	4
1076	289	4
1079	293	4
1082	306	4
1086	305	4
1089	283	4
1092	307	4
1095	317	4
1098	309	4
1101	303	4
1104	312	4
1107	336	4
1110	297	4
1113	325	4
1116	320	4
1119	291	4
1122	320	4
1125	292	4
1128	312	4
1132	305	4
1135	287	4
1138	303	4
1141	313	4
1144	300	4
1147	332	4
1150	294	4
1153	333	4
1156	323	4
1159	321	4
1162	299	4
1165	305	4
1168	334	4
1171	319	4
1174	306	4
1178	299	4
1181	285	4
1184	305	4
1187	290	4
1190	315	4
1193	286	4
1196	300	4
1199	307	4
1202	314	4
1205	310	4
1208	305	4
1211	322	4
1214	296	4
1217	304	4
1221	307	4
1224	301	4
1227	317	4
1230	296	4
1233	309	4
1236	323	4
1239	307	4
1242	297	4
1245	304	4
1248	329	4
1251	302	4
1254	313	4
1257	345	4
1260	328	4
1263	293	4
1266	292	4
1270	279	4
1273	316	4
1276	322	4
1279	302	4
1282	330	4
1285	288	4
1288	304	4
1291	314	4
1294	274	4
1297	290	4
1300	303	4
1303	332	4
1306	320	4
1309	315	4
1312	318	4
1316	297	4
1319	340	4
1322	300	4
1325	285	4
1328	310	4
1331	304	4
1334	319	4
1337	296	4
1340	294	4
1343	307	4
1346	308	4
1349	298	4
1352	304	4
1355	297	4
1358	306	4
1362	325	4
1365	313	4
1368	319	4
1371	313	4
1374	328	4
1377	283	4
1380	339	4
1383	314	4
1386	301	4
1389	287	4
1392	314	4
1395	304	4
1398	302	4
1401	300	4
1404	317	4
1408	319	4
1411	318	4
1414	306	4
1417	314	4
1420	316	4
1423	320	4
1426	319	4
1429	316	4
1432	319	4
1435	306	4
1438	312	4
1441	292	4
1444	290	4
1447	336	4
1450	311	4
1454	293	4
1457	324	4
1460	298	4
1463	299	4
1466	306	4
1469	287	4
1472	317	4
1475	305	4
1478	270	4
1481	305	4
1484	315	4
1487	272	4
1490	283	4
1493	262	4
1496	346	4
1500	317	4
1503	282	4
1506	320	4
1509	307	4
1512	316	4
1515	289	4
1518	310	4
1521	299	4
1524	308	4
1527	299	4
1530	289	4
1533	289	4
1536	303	4
1539	308	4
1542	290	4
1546	339	4
1549	302	4
1552	306	4
1555	301	4
1558	314	4
1561	296	4
1564	308	4
1567	294	4
1570	298	4
1573	308	4
1576	303	4
1579	289	4
1582	293	4
1585	322	4
1588	319	4
1592	320	4
1595	288	4
1598	298	4
1601	294	4
1604	336	4
1607	305	4
1610	308	4
1613	296	4
1616	350	4
1619	307	4
1622	285	4
1625	321	4
1628	318	4
1631	316	4
1634	300	4
1638	308	4
1641	306	4
1644	307	4
1647	307	4
1650	316	4
1653	315	4
1656	318	4
1659	287	4
1662	287	4
1665	310	4
1668	310	4
1671	319	4
1674	308	4
1677	322	4
1680	339	4
1684	313	4
1687	289	4
1690	304	4
1693	312	4
1696	293	4
1699	309	4
1702	307	4
1705	305	4
1708	306	4
1711	310	4
1714	301	4
1717	318	4
1720	340	4
1723	304	4
1726	294	4
1730	315	4
1733	312	4
1736	299	4
1739	308	4
1742	312	4
1745	325	4
1748	306	4
1751	300	4
1754	318	4
1757	307	4
1760	306	4
1763	315	4
1766	311	4
1769	321	4
1772	312	4
1776	341	4
1779	331	4
1782	315	4
1785	299	4
1788	311	4
1791	308	4
1794	298	4
1797	301	4
1800	331	4
1803	305	4
1806	318	4
1809	313	4
1812	306	4
1815	292	4
1818	344	4
1822	300	4
1825	323	4
1828	326	4
1831	344	4
1834	310	4
1837	314	4
1840	326	4
1843	322	4
1846	324	4
1849	325	4
1852	317	4
1855	321	4
1858	308	4
1861	329	4
1864	291	4
