70	313	4
73	321	4
76	322	4
79	313	4
82	301	4
85	291	4
88	315	4
90	338	4
93	314	4
96	324	4
99	308	4
102	288	4
105	316	4
107	305	4
110	325	4
113	318	4
116	300	4
119	318	4
122	298	4
125	305	4
127	316	4
130	319	4
133	315	4
136	303	4
139	312	4
142	315	4
144	309	4
147	316	4
150	312	4
153	334	4
156	310	4
159	322	4
161	317	4
164	326	4
167	330	4
170	348	4
173	323	4
176	321	4
179	329	4
181	325	4
184	312	4
187	316	4
190	299	4
193	319	4
196	312	4
198	289	4
201	320	4
204	307	4
207	311	4
210	322	4
213	305	4
215	286	4
218	306	4
221	327	4
224	284	4
227	300	4
230	314	4
233	318	4
235	305	4
238	308	4
241	318	4
244	299	4
247	340	4
250	332	4
252	310	4
255	329	4
258	319	4
261	309	4
264	295	4
267	278	4
269	311	4
272	292	4
275	329	4
278	315	4
281	298	4
284	300	4
287	272	4
289	326	4
292	296	4
295	308	4
298	314	4
301	301	4
304	304	4
306	311	4
309	319	4
312	311	4
315	313	4
318	302	4
321	297	4
323	257	4
326	292	4
329	324	4
332	307	4
335	299	4
338	299	4
341	289	4
343	297	4
346	311	4
349	331	4
352	304	4
355	307	4
358	326	4
360	304	4
363	324	4
366	308	4
369	322	4
372	304	4
375	310	4
377	309	4
380	314	4
383	312	4
386	304	4
389	304	4
392	307	4
395	305	4
397	323	4
400	310	4
403	299	4
406	312	4
409	316	4
412	307	4
414	296	4
417	338	4
420	314	4
423	325	4
426	326	4
429	317	4
431	308	4
434	338	4
437	325	4
440	312	4
443	317	4
446	303	4
449	293	4
451	293	4
454	316	4
457	318	4
460	308	4
463	322	4
466	304	4
468	324	4
471	304	4
474	316	4
477	319	4
480	311	4
483	303	4
485	328	4
488	297	4
491	319	4
494	312	4
497	308	4
500	314	4
503	329	4
505	332	4
508	314	4
511	328	4
514	294	4
517	292	4
520	304	4
522	316	4
525	304	4
528	282	4
531	298	4
534	300	4
537	303	4
539	316	4
542	304	4
545	305	4
548	312	4
551	323	4
554	311	4
557	297	4
559	309	4
562	315	4
565	325	4
568	288	4
571	307	4
574	307	4
576	322	4
579	325	4
582	280	4
585	313	4
588	295	4
591	319	4
593	313	4
596	303	4
599	304	4
602	305	4
605	337	4
608	334	4
611	309	4
613	307	4
616	317	4
619	305	4
622	326	4
625	300	4
628	322	4
630	317	4
633	309	4
636	304	4
639	314	4
642	303	4
645	299	4
647	310	4
650	318	4
653	313	4
656	293	4
659	315	4
662	318	4
665	321	4
667	305	4
670	320	4
673	312	4
676	318	4
679	300	4
682	311	4
684	299	4
687	306	4
690	313	4
693	321	4
696	308	4
699	303	4
701	313	4
704	306	4
707	312	4
710	314	4
713	293	4
716	305	4
719	322	4
721	311	4
724	301	4
727	321	4
730	306	4
733	302	4
736	316	4
738	306	4
741	303	4
744	265	4
747	315	4
750	296	4
753	305	4
755	306	4
758	311	4
761	314	4
764	312	4
767	295	4
770	308	4
773	305	4
775	302	4
778	298	4
781	295	4
784	298	4
787	299	4
790	321	4
792	311	4
795	320	4
798	299	4
801	306	4
804	303	4
807	306	4
809	302	4
812	306	4
815	291	4
818	282	4
821	334	4
824	305	4
827	293	4
829	303	4
832	306	4
835	320	4
838	304	4
841	304	4
844	311	4
846	308	4
849	310	4
852	291	4
855	256	4
858	310	4
861	316	4
863	307	4
866	296	4
869	333	4
872	319	4
875	314	4
878	319	4
881	295	4
883	301	4
886	298	4
889	285	4
892	309	4
895	321	4
898	319	4
900	301	4
903	318	4
906	287	4
909	302	4
912	321	4
915	319	4
917	293	4
