70	310	4
82	320	4
94	322	4
105	323	4
117	311	4
128	320	4
140	329	4
152	325	4
163	320	4
175	301	4
186	312	4
198	322	4
209	315	4
221	297	4
233	328	4
244	299	4
256	310	4
267	323	4
279	310	4
290	306	4
302	293	4
314	311	4
325	321	4
337	323	4
348	298	4
360	294	4
372	317	4
383	311	4
395	315	4
406	306	4
418	293	4
429	310	4
441	325	4
453	324	4
464	319	4
476	289	4
487	317	4
499	319	4
510	315	4
522	320	4
534	283	4
545	324	4
557	322	4
568	312	4
580	299	4
592	299	4
603	315	4
615	289	4
626	299	4
638	319	4
649	313	4
661	312	4
673	325	4
684	310	4
696	336	4
707	300	4
719	295	4
730	316	4
