70	305	4
74	301	4
77	303	4
81	299	4
84	340	4
87	260	4
91	315	4
94	295	4
97	292	4
101	318	4
104	313	4
107	298	4
111	290	4
114	291	4
117	312	4
121	287	4
124	300	4
127	318	4
131	313	4
134	332	4
138	296	4
141	316	4
144	320	4
148	304	4
151	332	4
154	309	4
158	310	4
161	311	4
164	320	4
168	308	4
171	309	4
174	325	4
178	315	4
181	315	4
184	323	4
188	313	4
191	312	4
194	293	4
198	324	4
201	275	4
205	314	4
208	278	4
211	326	4
215	310	4
218	343	4
221	311	4
225	302	4
228	298	4
231	309	4
235	303	4
238	325	4
241	310	4
245	275	4
248	309	4
251	276	4
255	322	4
258	313	4
261	290	4
265	299	4
268	308	4
272	298	4
275	319	4
278	302	4
282	313	4
285	293	4
288	314	4
292	299	4
295	288	4
298	307	4
302	283	4
305	297	4
308	313	4
312	293	4
315	279	4
318	306	4
322	309	4
325	324	4
328	277	4
332	298	4
335	363	4
339	301	4
342	314	4
345	300	4
349	286	4
352	303	4
355	328	4
359	309	4
362	311	4
365	302	4
369	273	4
372	300	4
375	286	4
379	325	4
382	308	4
385	319	4
389	318	4
392	278	4
395	297	4
399	325	4
402	315	4
406	312	4
409	306	4
412	304	4
416	301	4
419	309	4
422	312	4
426	309	4
429	290	4
432	326	4
436	300	4
439	305	4
442	351	4
446	314	4
449	338	4
452	295	4
456	317	4
459	320	4
462	292	4
466	319	4
469	340	4
473	323	4
476	333	4
479	340	4
483	311	4
486	311	4
489	300	4
493	318	4
496	315	4
499	274	4
503	328	4
506	333	4
509	305	4
513	300	4
516	301	4
519	315	4
523	332	4
526	342	4
529	298	4
533	326	4
536	334	4
540	304	4
543	315	4
546	304	4
550	331	4
553	311	4
556	312	4
560	334	4
563	313	4
566	324	4
570	293	4
573	303	4
576	310	4
580	300	4
583	317	4
586	299	4
590	324	4
593	322	4
596	322	4
600	297	4
603	311	4
607	304	4
610	308	4
613	290	4
617	265	4
620	295	4
623	319	4
627	312	4
630	312	4
633	316	4
637	303	4
640	293	4
643	277	4
647	289	4
650	296	4
653	321	4
657	267	4
660	310	4
663	302	4
667	305	4
670	289	4
674	292	4
677	329	4
680	287	4
684	316	4
687	304	4
690	315	4
694	306	4
697	287	4
700	311	4
704	299	4
707	275	4
710	314	4
714	291	4
717	283	4
720	274	4
724	285	4
727	292	4
730	300	4
