70	309	4
75	310	4
80	284	4
84	315	4
89	303	4
93	294	4
98	308	4
103	329	4
107	303	4
112	307	4
116	312	4
121	290	4
125	325	4
130	317	4
135	285	4
139	289	4
144	294	4
148	313	4
153	307	4
158	354	4
162	264	4
167	298	4
171	321	4
176	312	4
180	303	4
185	308	4
190	321	4
194	307	4
199	307	4
203	317	4
208	302	4
213	301	4
217	291	4
222	303	4
226	315	4
231	314	4
235	327	4
240	311	4
245	302	4
249	310	4
254	297	4
258	300	4
263	308	4
268	309	4
272	331	4
277	296	4
281	315	4
286	316	4
290	307	4
295	313	4
300	328	4
304	313	4
309	323	4
313	312	4
318	317	4
323	301	4
327	310	4
332	311	4
336	281	4
341	303	4
345	313	4
350	300	4
355	316	4
359	308	4
364	301	4
368	335	4
373	327	4
378	314	4
382	287	4
387	313	4
391	322	4
396	309	4
400	314	4
405	317	4
410	307	4
414	316	4
419	299	4
423	317	4
428	323	4
433	315	4
437	305	4
442	299	4
446	315	4
451	340	4
455	322	4
460	308	4
465	304	4
469	320	4
474	324	4
478	320	4
483	271	4
488	286	4
492	332	4
497	304	4
501	301	4
506	323	4
510	297	4
515	301	4
520	304	4
524	304	4
529	301	4
533	304	4
538	316	4
543	320	4
547	287	4
552	327	4
556	321	4
561	274	4
565	303	4
570	288	4
575	310	4
579	307	4
584	302	4
588	288	4
593	311	4
598	305	4
602	302	4
607	305	4
611	294	4
616	296	4
620	298	4
625	335	4
630	294	4
634	321	4
639	306	4
643	313	4
648	293	4
653	272	4
657	305	4
662	326	4
666	313	4
671	257	4
675	311	4
680	302	4
685	252	4
689	301	4
694	307	4
698	314	4
703	317	4
708	299	4
712	317	4
717	306	4
721	319	4
726	304	4
730	317	4
