70	297	4
73	306	4
76	306	4
79	304	4
81	318	4
84	304	4
87	303	4
90	334	4
92	291	4
95	310	4
98	314	4
101	310	4
103	320	4
106	313	4
109	330	4
112	310	4
114	322	4
117	311	4
120	333	4
123	305	4
125	316	4
128	305	4
131	298	4
133	309	4
136	318	4
139	286	4
142	311	4
144	314	4
147	319	4
150	322	4
153	303	4
155	295	4
158	275	4
161	308	4
164	324	4
166	302	4
169	310	4
172	300	4
175	312	4
177	315	4
180	302	4
183	340	4
185	307	4
188	293	4
191	312	4
194	331	4
196	300	4
199	302	4
202	268	4
205	306	4
207	312	4
210	328	4
213	320	4
216	300	4
218	307	4
221	310	4
224	316	4
227	312	4
229	271	4
232	301	4
235	297	4
238	310	4
240	309	4
243	307	4
246	314	4
248	318	4
251	307	4
254	312	4
257	308	4
259	308	4
262	307	4
265	300	4
268	320	4
270	317	4
273	325	4
276	326	4
279	309	4
281	320	4
284	306	4
287	304	4
290	296	4
292	289	4
295	321	4
298	294	4
300	306	4
303	315	4
306	322	4
309	332	4
311	289	4
314	300	4
317	312	4
320	306	4
322	307	4
325	313	4
328	278	4
331	304	4
333	321	4
336	306	4
339	317	4
342	338	4
344	299	4
347	313	4
350	316	4
352	297	4
355	333	4
358	312	4
361	314	4
363	314	4
366	301	4
369	312	4
372	333	4
374	296	4
377	313	4
380	306	4
383	300	4
385	320	4
388	315	4
391	317	4
394	305	4
396	313	4
399	281	4
402	303	4
404	299	4
407	320	4
410	314	4
413	276	4
415	316	4
418	314	4
421	308	4
424	315	4
426	299	4
429	304	4
432	338	4
435	303	4
437	310	4
440	317	4
443	307	4
446	307	4
448	343	4
451	310	4
454	321	4
457	309	4
459	316	4
462	333	4
465	310	4
467	315	4
470	309	4
473	323	4
476	319	4
478	306	4
481	283	4
484	339	4
487	317	4
489	305	4
492	295	4
495	284	4
498	315	4
500	311	4
503	297	4
506	290	4
509	318	4
511	313	4
514	298	4
517	307	4
519	321	4
522	317	4
525	319	4
528	302	4
530	312	4
533	322	4
536	311	4
539	299	4
541	311	4
544	290	4
547	309	4
550	327	4
552	310	4
555	311	4
558	303	4
561	311	4
563	317	4
566	309	4
569	324	4
571	318	4
574	338	4
577	318	4
580	311	4
582	322	4
585	309	4
588	305	4
591	329	4
593	307	4
596	318	4
599	306	4
602	312	4
604	309	4
607	297	4
610	296	4
613	288	4
615	302	4
618	302	4
621	303	4
624	307	4
626	309	4
629	321	4
632	309	4
634	292	4
637	320	4
640	329	4
643	313	4
645	295	4
648	310	4
651	284	4
654	301	4
656	301	4
659	315	4
662	298	4
665	308	4
667	304	4
670	300	4
673	310	4
676	309	4
678	323	4
681	339	4
684	312	4
686	318	4
689	316	4
692	317	4
695	309	4
697	299	4
700	314	4
703	297	4
706	320	4
708	278	4
711	314	4
714	307	4
717	306	4
719	303	4
722	302	4
725	322	4
728	303	4
730	308	4
733	298	4
736	310	4
738	312	4
