70	265	4
74	303	4
77	307	4
80	308	4
83	307	4
86	309	4
89	314	4
92	292	4
95	308	4
98	279	4
101	295	4
104	339	4
107	315	4
110	316	4
113	306	4
116	304	4
120	306	4
123	310	4
126	300	4
129	321	4
132	284	4
135	315	4
138	319	4
141	291	4
144	313	4
147	296	4
150	305	4
153	307	4
156	305	4
159	257	4
162	313	4
166	299	4
169	300	4
172	290	4
175	305	4
178	305	4
181	325	4
184	312	4
187	326	4
190	314	4
193	296	4
196	322	4
199	314	4
202	287	4
205	307	4
208	297	4
212	299	4
215	313	4
218	311	4
221	325	4
224	304	4
227	307	4
230	299	4
233	320	4
236	315	4
239	292	4
242	327	4
245	314	4
248	294	4
251	304	4
254	300	4
258	322	4
261	315	4
264	296	4
267	315	4
270	301	4
273	296	4
276	318	4
279	288	4
282	309	4
285	317	4
288	319	4
291	257	4
294	295	4
297	331	4
300	308	4
304	324	4
307	310	4
310	301	4
313	303	4
316	315	4
319	318	4
322	316	4
325	285	4
328	318	4
331	294	4
334	319	4
337	311	4
340	288	4
343	312	4
346	279	4
350	311	4
353	298	4
356	301	4
359	309	4
362	291	4
365	324	4
368	317	4
371	299	4
374	321	4
377	324	4
380	319	4
383	301	4
386	310	4
389	328	4
392	303	4
396	305	4
399	324	4
402	305	4
405	300	4
408	313	4
411	326	4
414	302	4
417	313	4
420	330	4
423	322	4
426	316	4
429	325	4
432	278	4
435	302	4
438	299	4
442	317	4
445	305	4
448	303	4
451	305	4
454	313	4
457	301	4
460	303	4
463	308	4
466	317	4
469	311	4
472	297	4
475	305	4
478	298	4
481	307	4
484	301	4
488	303	4
491	291	4
494	286	4
497	305	4
500	312	4
503	313	4
506	323	4
509	314	4
512	289	4
515	318	4
518	315	4
521	310	4
524	297	4
527	294	4
530	289	4
534	312	4
537	328	4
540	331	4
543	300	4
546	299	4
549	265	4
552	308	4
555	328	4
558	308	4
561	285	4
564	289	4
567	300	4
570	304	4
573	307	4
576	331	4
580	314	4
583	304	4
586	314	4
589	312	4
592	304	4
595	310	4
598	303	4
601	295	4
604	321	4
607	309	4
610	301	4
613	300	4
616	312	4
619	300	4
622	322	4
626	283	4
629	282	4
632	310	4
635	298	4
638	290	4
641	307	4
644	306	4
647	312	4
650	300	4
653	304	4
656	309	4
659	327	4
662	327	4
665	304	4
668	312	4
672	296	4
675	330	4
678	308	4
681	318	4
684	312	4
687	287	4
690	322	4
693	316	4
696	330	4
699	298	4
702	313	4
705	296	4
708	287	4
711	315	4
714	299	4
718	316	4
721	320	4
724	300	4
727	312	4
730	317	4
733	311	4
736	299	4
739	300	4
742	312	4
745	296	4
748	317	4
751	306	4
754	298	4
757	305	4
760	316	4
764	312	4
767	299	4
770	293	4
773	320	4
776	319	4
779	327	4
782	317	4
785	319	4
788	309	4
791	297	4
794	324	4
797	313	4
800	298	4
803	302	4
806	304	4
810	296	4
813	335	4
816	323	4
819	290	4
822	322	4
825	301	4
828	317	4
831	317	4
834	318	4
837	303	4
840	318	4
843	321	4
846	307	4
849	316	4
852	305	4
856	273	4
859	310	4
862	321	4
865	318	4
868	344	4
871	305	4
874	308	4
877	322	4
880	310	4
883	285	4
886	305	4
889	320	4
892	305	4
895	303	4
898	334	4
902	333	4
905	285	4
908	311	4
911	289	4
914	321	4
917	299	4
920	286	4
923	301	4
926	311	4
929	314	4
932	304	4
935	300	4
938	313	4
941	307	4
944	313	4
948	299	4
951	302	4
954	300	4
957	315	4
960	309	4
963	307	4
966	311	4
969	304	4
972	309	4
975	297	4
978	311	4
981	329	4
984	312	4
987	323	4
990	320	4
994	327	4
997	265	4
1000	299	4
1003	305	4
1006	316	4
1009	338	4
1012	312	4
1015	319	4
1018	326	4
1021	327	4
1024	323	4
1027	329	4
1030	299	4
1033	306	4
1036	335	4
1040	309	4
1043	314	4
1046	297	4
1049	293	4
1052	306	4
1055	312	4
1058	312	4
1061	303	4
1064	309	4
1067	326	4
1070	309	4
1073	307	4
1076	305	4
1079	311	4
1082	265	4
1086	313	4
1089	321	4
1092	317	4
1095	331	4
1098	312	4
1101	308	4
1104	329	4
1107	330	4
1110	305	4
1113	305	4
1116	321	4
1119	311	4
1122	327	4
1125	314	4
1128	288	4
1132	335	4
1135	304	4
1138	317	4
1141	310	4
1144	286	4
1147	313	4
1150	301	4
1153	303	4
1156	298	4
1159	285	4
1162	315	4
1165	305	4
1168	291	4
1171	311	4
1174	339	4
1178	324	4
1181	304	4
1184	275	4
1187	295	4
1190	309	4
1193	330	4
1196	330	4
1199	317	4
1202	301	4
1205	307	4
1208	316	4
1211	328	4
1214	299	4
1217	308	4
1221	313	4
1224	318	4
1227	309	4
1230	344	4
1233	321	4
1236	329	4
1239	323	4
1242	293	4
1245	320	4
1248	315	4
1251	322	4
1254	311	4
1257	312	4
1260	318	4
1263	331	4
1266	312	4
1270	310	4
1273	309	4
1276	303	4
1279	297	4
1282	315	4
1285	300	4
1288	303	4
1291	309	4
1294	301	4
1297	306	4
1300	301	4
1303	294	4
1306	295	4
1309	307	4
1312	303	4
1316	318	4
1319	311	4
1322	302	4
1325	292	4
1328	315	4
1331	306	4
1334	305	4
1337	310	4
1340	312	4
1343	313	4
1346	285	4
1349	308	4
1352	311	4
1355	310	4
1358	311	4
1362	310	4
1365	288	4
1368	313	4
1371	321	4
1374	302	4
1377	309	4
1380	307	4
1383	322	4
1386	293	4
1389	321	4
1392	277	4
1395	294	4
1398	312	4
1401	308	4
1404	317	4
1408	311	4
1411	319	4
1414	285	4
1417	327	4
1420	314	4
1423	312	4
1426	316	4
1429	312	4
1432	317	4
1435	322	4
1438	302	4
1441	294	4
1444	306	4
1447	310	4
1450	312	4
1454	311	4
1457	313	4
1460	294	4
1463	294	4
1466	314	4
1469	304	4
1472	309	4
1475	310	4
1478	303	4
1481	309	4
1484	312	4
1487	300	4
1490	302	4
1493	314	4
1496	312	4
1500	290	4
1503	310	4
1506	295	4
1509	308	4
1512	298	4
1515	298	4
1518	320	4
1521	274	4
1524	306	4
1527	320	4
1530	300	4
1533	281	4
1536	313	4
1539	316	4
1542	304	4
1546	306	4
1549	306	4
1552	306	4
1555	314	4
1558	315	4
1561	308	4
1564	315	4
1567	314	4
1570	303	4
1573	307	4
1576	295	4
1579	310	4
1582	315	4
1585	320	4
1588	362	4
1592	316	4
1595	328	4
1598	316	4
1601	294	4
1604	309	4
1607	310	4
1610	318	4
1613	297	4
1616	315	4
1619	320	4
1622	314	4
1625	327	4
1628	308	4
1631	323	4
1634	295	4
1638	304	4
1641	312	4
1644	306	4
1647	319	4
1650	313	4
1653	295	4
1656	298	4
1659	289	4
1662	307	4
1665	307	4
1668	306	4
1671	325	4
1674	321	4
1677	309	4
1680	306	4
1684	312	4
1687	315	4
1690	308	4
1693	315	4
1696	304	4
1699	303	4
1702	278	4
1705	311	4
1708	302	4
1711	297	4
1714	313	4
1717	319	4
1720	326	4
1723	314	4
1726	311	4
1730	314	4
1733	305	4
1736	319	4
1739	318	4
1742	317	4
1745	310	4
1748	297	4
1751	290	4
1754	311	4
1757	307	4
1760	303	4
1763	296	4
1766	326	4
1769	305	4
1772	308	4
1776	313	4
1779	318	4
1782	315	4
1785	302	4
1788	295	4
1791	294	4
1794	326	4
1797	317	4
1800	321	4
1803	311	4
1806	312	4
1809	303	4
1812	325	4
1815	309	4
1818	338	4
1822	315	4
1825	310	4
1828	304	4
1831	336	4
1834	303	4
1837	289	4
1840	303	4
1843	306	4
1846	307	4
1849	304	4
1852	313	4
1855	335	4
1858	324	4
1861	296	4
1864	318	4
