70	320	4
74	285	4
78	294	4
82	307	4
85	304	4
89	349	4
93	320	4
97	297	4
100	317	4
104	342	4
108	335	4
112	330	4
115	336	4
119	305	4
123	316	4
127	332	4
130	305	4
134	323	4
138	307	4
142	321	4
145	311	4
149	314	4
153	322	4
157	317	4
160	307	4
164	310	4
168	305	4
172	298	4
175	339	4
179	345	4
183	303	4
187	314	4
190	338	4
194	329	4
198	317	4
202	304	4
205	301	4
209	338	4
213	316	4
217	333	4
220	327	4
224	327	4
228	318	4
232	303	4
235	311	4
239	323	4
243	292	4
247	314	4
250	304	4
254	308	4
258	303	4
262	328	4
265	332	4
269	297	4
273	304	4
277	307	4
280	311	4
284	298	4
288	320	4
292	280	4
295	301	4
299	302	4
303	326	4
307	317	4
310	324	4
314	322	4
318	302	4
322	298	4
325	313	4
329	299	4
333	291	4
337	318	4
341	308	4
344	333	4
348	306	4
352	316	4
355	297	4
359	308	4
363	294	4
367	324	4
370	313	4
374	330	4
378	305	4
382	316	4
385	306	4
389	315	4
393	294	4
397	307	4
400	296	4
404	307	4
408	303	4
412	295	4
415	307	4
419	319	4
423	299	4
427	308	4
430	335	4
434	323	4
438	290	4
442	311	4
445	295	4
449	287	4
453	298	4
457	298	4
460	325	4
464	293	4
468	296	4
472	288	4
475	294	4
479	275	4
483	289	4
487	300	4
490	306	4
494	288	4
498	295	4
502	327	4
505	307	4
509	269	4
513	309	4
517	320	4
520	291	4
524	298	4
528	289	4
532	300	4
535	294	4
539	282	4
543	309	4
547	275	4
550	310	4
554	314	4
558	321	4
562	291	4
565	303	4
569	301	4
573	303	4
577	293	4
580	290	4
584	261	4
588	321	4
592	313	4
595	304	4
599	305	4
603	354	4
607	332	4
610	294	4
614	303	4
618	311	4
622	281	4
625	303	4
629	299	4
633	306	4
637	320	4
640	321	4
644	293	4
648	301	4
652	295	4
655	296	4
659	308	4
663	307	4
667	328	4
670	306	4
674	300	4
678	314	4
682	325	4
685	288	4
689	312	4
693	297	4
697	310	4
700	318	4
704	312	4
708	279	4
712	298	4
715	293	4
719	292	4
723	312	4
727	304	4
730	311	4
