70	288	4
75	300	4
80	323	4
85	295	4
90	311	4
95	312	4
100	308	4
105	325	4
110	271	4
115	302	4
120	305	4
125	296	4
130	290	4
135	311	4
140	308	4
145	311	4
150	296	4
155	295	4
160	300	4
165	308	4
170	321	4
175	314	4
180	318	4
185	335	4
190	297	4
195	318	4
200	311	4
204	332	4
209	319	4
214	311	4
219	312	4
224	306	4
229	340	4
234	317	4
239	314	4
244	296	4
249	295	4
254	314	4
259	318	4
264	310	4
269	320	4
274	314	4
279	304	4
284	308	4
289	316	4
294	299	4
299	320	4
304	311	4
309	314	4
314	300	4
319	315	4
324	318	4
329	345	4
334	325	4
338	314	4
343	301	4
348	338	4
353	334	4
358	327	4
363	338	4
368	325	4
373	312	4
378	316	4
383	299	4
388	298	4
393	331	4
398	325	4
403	315	4
408	329	4
413	323	4
418	309	4
423	330	4
428	358	4
433	306	4
438	314	4
443	295	4
448	333	4
453	325	4
458	286	4
463	306	4
467	309	4
472	325	4
477	314	4
482	319	4
487	326	4
492	320	4
497	317	4
502	273	4
507	322	4
512	286	4
517	326	4
522	334	4
527	307	4
532	336	4
537	340	4
542	324	4
547	287	4
552	310	4
557	307	4
562	293	4
567	250	4
572	296	4
577	258	4
582	290	4
587	290	4
592	323	4
597	279	4
601	301	4
606	283	4
611	279	4
616	299	4
621	293	4
626	277	4
631	275	4
636	286	4
641	307	4
646	337	4
651	299	4
656	295	4
661	297	4
666	258	4
671	278	4
676	286	4
681	280	4
686	303	4
691	291	4
696	262	4
701	279	4
706	302	4
711	284	4
716	318	4
721	288	4
726	308	4
730	283	4
