70	307	4
73	299	4
76	306	4
79	316	4
82	309	4
85	281	4
88	307	4
91	312	4
94	303	4
96	312	4
99	301	4
102	304	4
105	285	4
108	315	4
111	302	4
114	324	4
117	307	4
119	307	4
122	304	4
125	296	4
128	298	4
131	303	4
134	289	4
137	305	4
140	297	4
143	306	4
145	282	4
148	301	4
151	300	4
154	298	4
157	295	4
160	310	4
163	291	4
166	309	4
168	299	4
171	296	4
174	315	4
177	308	4
180	301	4
183	277	4
186	245	4
189	236	4
192	273	4
194	312	4
197	243	4
200	271	4
203	323	4
206	291	4
209	291	4
212	226	4
215	273	4
217	261	4
220	297	4
223	287	4
226	301	4
229	293	4
232	324	4
235	322	4
238	286	4
241	306	4
243	309	4
246	301	4
249	306	4
252	296	4
255	323	4
258	287	4
261	290	4
264	296	4
266	288	4
269	308	4
272	316	4
275	288	4
278	329	4
281	295	4
284	312	4
287	311	4
290	303	4
292	315	4
295	296	4
298	321	4
301	301	4
304	307	4
307	320	4
310	331	4
313	299	4
315	300	4
318	304	4
321	301	4
324	329	4
327	346	4
330	331	4
333	328	4
336	265	4
339	296	4
341	275	4
344	292	4
347	293	4
350	317	4
353	294	4
356	302	4
359	311	4
362	306	4
364	283	4
367	287	4
370	319	4
373	291	4
376	303	4
379	311	4
382	284	4
385	275	4
388	298	4
390	301	4
393	273	4
396	323	4
399	322	4
402	286	4
405	293	4
408	295	4
411	278	4
413	261	4
416	316	4
419	297	4
422	261	4
425	295	4
428	288	4
431	312	4
434	277	4
437	303	4
439	296	4
442	302	4
445	309	4
448	288	4
451	298	4
454	312	4
457	272	4
460	293	4
462	288	4
465	298	4
468	317	4
471	280	4
474	333	4
477	312	4
480	283	4
483	276	4
486	281	4
488	286	4
491	299	4
494	276	4
497	307	4
500	287	4
503	290	4
506	312	4
509	279	4
511	276	4
514	295	4
517	276	4
520	319	4
523	307	4
526	286	4
529	280	4
532	276	4
535	272	4
537	309	4
540	276	4
543	260	4
546	281	4
549	296	4
552	297	4
555	283	4
558	298	4
560	263	4
563	307	4
566	315	4
569	294	4
572	250	4
575	312	4
578	319	4
581	319	4
584	293	4
586	279	4
589	295	4
592	322	4
595	276	4
598	308	4
601	285	4
604	308	4
607	296	4
609	298	4
612	286	4
615	310	4
618	309	4
621	280	4
624	308	4
627	307	4
630	313	4
633	288	4
635	312	4
638	296	4
641	287	4
644	297	4
647	280	4
650	276	4
653	270	4
656	302	4
658	285	4
661	318	4
664	295	4
667	292	4
670	320	4
673	285	4
676	295	4
679	316	4
682	307	4
684	302	4
687	298	4
690	268	4
693	279	4
696	308	4
699	312	4
702	289	4
705	307	4
707	310	4
710	316	4
713	300	4
716	286	4
719	305	4
722	290	4
725	269	4
728	317	4
730	284	4
70	291	4
73	307	4
76	307	4
79	323	4
82	288	4
85	303	4
88	294	4
91	291	4
94	303	4
96	315	4
99	300	4
102	311	4
105	297	4
108	315	4
111	299	4
114	317	4
117	315	4
119	312	4
122	324	4
125	294	4
128	287	4
131	303	4
134	297	4
137	326	4
140	309	4
143	314	4
145	305	4
148	302	4
151	325	4
154	359	4
157	319	4
160	313	4
163	293	4
166	297	4
168	301	4
171	307	4
174	310	4
177	324	4
180	308	4
183	324	4
186	327	4
189	317	4
192	307	4
194	334	4
197	297	4
200	295	4
203	320	4
206	324	4
209	324	4
212	291	4
215	310	4
217	307	4
220	298	4
223	306	4
226	313	4
229	329	4
232	300	4
235	304	4
238	322	4
241	287	4
243	323	4
246	315	4
249	321	4
252	292	4
255	303	4
258	312	4
261	257	4
264	300	4
266	306	4
269	302	4
272	324	4
275	283	4
278	306	4
281	325	4
284	330	4
287	321	4
290	287	4
292	312	4
295	311	4
298	312	4
301	304	4
304	314	4
307	294	4
310	319	4
313	313	4
315	308	4
318	293	4
321	286	4
324	297	4
327	324	4
330	323	4
333	329	4
336	305	4
339	306	4
341	317	4
344	278	4
347	321	4
350	309	4
353	321	4
356	303	4
359	303	4
362	297	4
364	309	4
367	313	4
370	311	4
373	313	4
376	305	4
379	320	4
382	294	4
385	320	4
388	306	4
390	298	4
393	279	4
396	313	4
399	304	4
402	311	4
405	322	4
408	312	4
411	309	4
413	309	4
416	319	4
419	315	4
422	297	4
425	282	4
428	319	4
431	323	4
434	326	4
437	310	4
439	306	4
442	306	4
445	308	4
448	319	4
451	314	4
454	307	4
457	328	4
460	307	4
462	313	4
465	328	4
468	307	4
471	308	4
474	322	4
477	320	4
480	307	4
483	312	4
486	313	4
488	317	4
491	302	4
494	297	4
497	303	4
500	300	4
503	293	4
506	300	4
509	310	4
511	311	4
514	323	4
517	287	4
520	296	4
523	315	4
526	332	4
529	298	4
532	298	4
535	313	4
537	311	4
540	282	4
543	306	4
546	313	4
549	296	4
552	312	4
555	311	4
558	308	4
560	309	4
563	286	4
566	306	4
569	317	4
572	294	4
575	316	4
578	307	4
581	309	4
584	308	4
586	300	4
589	316	4
592	335	4
595	318	4
598	296	4
601	306	4
604	303	4
607	304	4
609	287	4
612	311	4
615	305	4
618	313	4
621	298	4
624	283	4
627	315	4
630	313	4
633	318	4
635	310	4
638	298	4
641	293	4
644	292	4
647	304	4
650	297	4
653	326	4
656	321	4
658	305	4
661	302	4
664	300	4
667	305	4
670	316	4
673	320	4
676	307	4
679	319	4
682	306	4
684	319	4
687	310	4
690	304	4
693	286	4
696	305	4
699	314	4
702	287	4
705	322	4
707	325	4
710	314	4
713	313	4
716	313	4
719	313	4
722	313	4
725	310	4
728	310	4
730	322	4
70	306	4
73	310	4
76	301	4
79	213	4
82	305	4
85	304	4
88	292	4
91	309	4
94	267	4
96	341	4
99	301	4
102	295	4
105	317	4
108	322	4
111	308	4
114	291	4
117	244	4
119	302	4
122	308	4
125	286	4
128	309	4
131	324	4
134	251	4
137	268	4
140	311	4
143	302	4
145	285	4
148	286	4
151	338	4
154	242	4
157	299	4
160	322	4
163	217	4
166	199	4
168	345	4
171	263	4
174	297	4
177	331	4
180	255	4
183	327	4
186	312	4
189	243	4
192	285	4
194	232	4
197	312	4
200	296	4
203	320	4
206	266	4
209	178	4
212	237	4
215	323	4
217	302	4
220	295	4
223	309	4
226	304	4
229	302	4
232	303	4
235	298	4
238	301	4
241	295	4
243	317	4
246	238	4
249	320	4
252	236	4
255	319	4
258	331	4
261	213	4
264	251	4
266	322	4
269	327	4
272	332	4
275	246	4
278	315	4
281	306	4
284	334	4
287	298	4
290	254	4
292	318	4
295	313	4
298	301	4
301	305	4
304	310	4
307	296	4
310	338	4
313	308	4
315	299	4
318	288	4
321	279	4
324	331	4
327	328	4
330	334	4
333	339	4
336	322	4
339	312	4
341	310	4
344	255	4
347	319	4
350	323	4
353	305	4
356	311	4
359	329	4
362	312	4
364	304	4
367	310	4
370	295	4
373	308	4
376	311	4
379	344	4
382	302	4
385	306	4
388	330	4
390	319	4
393	276	4
396	330	4
399	326	4
402	291	4
405	297	4
408	309	4
411	312	4
413	273	4
416	308	4
419	271	4
422	303	4
425	279	4
428	289	4
431	322	4
434	335	4
437	339	4
439	329	4
442	314	4
445	313	4
448	207	4
451	290	4
454	240	4
457	290	4
460	303	4
462	304	4
465	283	4
468	323	4
471	305	4
474	339	4
477	300	4
480	296	4
483	276	4
486	308	4
488	296	4
491	332	4
494	307	4
497	296	4
500	304	4
503	277	4
506	317	4
509	289	4
511	251	4
514	242	4
517	309	4
520	318	4
523	337	4
526	309	4
529	281	4
532	325	4
535	311	4
537	320	4
540	269	4
543	276	4
546	300	4
549	298	4
552	293	4
555	267	4
558	327	4
560	320	4
563	230	4
566	324	4
569	305	4
572	270	4
575	311	4
578	301	4
581	322	4
584	305	4
586	299	4
589	316	4
592	344	4
595	281	4
598	281	4
601	285	4
604	242	4
607	323	4
609	263	4
612	280	4
615	183	4
618	293	4
621	304	4
624	273	4
627	285	4
630	327	4
633	169	4
635	306	4
638	273	4
641	302	4
644	301	4
647	288	4
650	283	4
653	245	4
656	280	4
658	240	4
661	257	4
664	304	4
667	302	4
670	323	4
673	295	4
676	257	4
679	288	4
682	283	4
684	330	4
687	312	4
690	255	4
693	294	4
696	308	4
699	303	4
702	297	4
705	273	4
707	273	4
710	334	4
713	322	4
716	288	4
719	274	4
722	191	4
725	301	4
728	320	4
730	296	4
70	309	4
73	309	4
76	305	4
79	304	4
82	282	4
85	297	4
88	292	4
91	305	4
94	301	4
96	306	4
99	303	4
102	305	4
105	302	4
108	302	4
111	297	4
114	295	4
117	299	4
119	298	4
122	292	4
125	291	4
128	305	4
131	312	4
134	304	4
137	317	4
140	284	4
143	298	4
145	287	4
148	287	4
151	290	4
154	296	4
157	278	4
160	302	4
163	242	4
166	303	4
168	277	4
171	288	4
174	295	4
177	309	4
180	311	4
183	279	4
186	293	4
189	290	4
192	281	4
194	315	4
197	282	4
200	285	4
203	289	4
206	295	4
209	300	4
212	289	4
215	301	4
217	276	4
220	303	4
223	293	4
226	298	4
229	294	4
232	309	4
235	301	4
238	290	4
241	294	4
243	319	4
246	289	4
249	289	4
252	283	4
255	297	4
258	297	4
261	273	4
264	298	4
266	307	4
269	321	4
272	305	4
275	279	4
278	289	4
281	296	4
284	328	4
287	278	4
290	297	4
292	292	4
295	292	4
298	303	4
301	284	4
304	278	4
307	296	4
310	329	4
313	304	4
315	285	4
318	276	4
321	287	4
324	296	4
327	308	4
330	296	4
333	314	4
336	292	4
339	286	4
341	292	4
344	280	4
347	298	4
350	303	4
353	302	4
356	312	4
359	322	4
362	305	4
364	289	4
367	285	4
370	311	4
373	285	4
376	310	4
379	293	4
382	292	4
385	299	4
388	320	4
390	282	4
393	281	4
396	316	4
399	305	4
402	311	4
405	302	4
408	293	4
411	284	4
413	269	4
416	308	4
419	295	4
422	295	4
425	295	4
428	287	4
431	324	4
434	307	4
437	321	4
439	277	4
442	309	4
445	297	4
448	284	4
451	291	4
454	294	4
457	278	4
460	299	4
462	303	4
465	324	4
468	300	4
471	303	4
474	310	4
477	305	4
480	299	4
483	296	4
486	276	4
488	290	4
491	317	4
494	281	4
497	304	4
500	284	4
503	282	4
506	310	4
509	298	4
511	277	4
514	286	4
517	294	4
520	303	4
523	310	4
526	282	4
529	288	4
532	284	4
535	294	4
537	311	4
540	271	4
543	285	4
546	304	4
549	277	4
552	286	4
555	292	4
558	308	4
560	279	4
563	310	4
566	291	4
569	297	4
572	247	4
575	304	4
578	297	4
581	306	4
584	293	4
586	272	4
589	294	4
592	340	4
595	279	4
598	307	4
601	293	4
604	290	4
607	301	4
609	300	4
612	288	4
615	306	4
618	288	4
621	296	4
624	291	4
627	296	4
630	312	4
633	307	4
635	300	4
638	288	4
641	287	4
644	282	4
647	277	4
650	284	4
653	274	4
656	285	4
658	313	4
661	313	4
664	294	4
667	285	4
670	295	4
673	329	4
676	297	4
679	289	4
682	300	4
684	302	4
687	292	4
690	252	4
693	282	4
696	307	4
699	308	4
702	283	4
705	290	4
707	287	4
710	300	4
713	317	4
716	290	4
719	322	4
722	291	4
725	261	4
728	298	4
730	296	4
70	306	4
73	289	4
76	315	4
79	319	4
82	305	4
85	330	4
88	288	4
91	283	4
94	306	4
96	303	4
99	305	4
102	287	4
105	289	4
108	325	4
111	298	4
114	289	4
117	277	4
119	317	4
122	318	4
125	306	4
128	342	4
131	285	4
134	285	4
137	327	4
140	302	4
143	317	4
145	312	4
148	299	4
151	337	4
154	301	4
157	282	4
160	326	4
163	285	4
166	327	4
168	294	4
171	297	4
174	320	4
177	280	4
180	290	4
183	305	4
186	290	4
189	306	4
192	290	4
194	327	4
197	299	4
200	308	4
203	289	4
206	306	4
209	302	4
212	293	4
215	290	4
217	309	4
220	320	4
223	306	4
226	293	4
229	320	4
232	302	4
235	274	4
238	302	4
241	303	4
243	299	4
246	319	4
249	291	4
252	293	4
255	309	4
258	291	4
261	298	4
264	290	4
266	288	4
269	320	4
272	301	4
275	298	4
278	294	4
281	277	4
284	328	4
287	298	4
290	303	4
292	276	4
295	293	4
298	294	4
301	268	4
304	285	4
307	310	4
310	297	4
313	302	4
315	301	4
318	266	4
321	272	4
324	311	4
327	306	4
330	288	4
333	326	4
336	265	4
339	290	4
341	283	4
344	299	4
347	293	4
350	301	4
353	270	4
356	323	4
359	320	4
362	275	4
364	281	4
367	287	4
370	278	4
373	301	4
376	289	4
379	297	4
382	277	4
385	322	4
388	290	4
390	288	4
393	302	4
396	291	4
399	319	4
402	307	4
405	289	4
408	338	4
411	276	4
413	288	4
416	302	4
419	293	4
422	282	4
425	278	4
428	281	4
431	296	4
434	283	4
437	294	4
439	280	4
442	305	4
445	306	4
448	290	4
451	290	4
454	309	4
457	281	4
460	304	4
462	274	4
465	291	4
468	320	4
471	293	4
474	304	4
477	295	4
480	298	4
483	292	4
486	285	4
488	284	4
491	315	4
494	269	4
497	302	4
500	305	4
503	309	4
506	334	4
509	275	4
511	286	4
514	259	4
517	275	4
520	307	4
523	316	4
526	300	4
529	289	4
532	280	4
535	288	4
537	307	4
540	279	4
543	285	4
546	301	4
549	302	4
552	281	4
555	293	4
558	295	4
560	289	4
563	291	4
566	310	4
569	294	4
572	227	4
575	314	4
578	291	4
581	301	4
584	292	4
586	280	4
589	288	4
592	324	4
595	291	4
598	299	4
601	288	4
604	290	4
607	327	4
609	304	4
612	289	4
615	312	4
618	296	4
621	295	4
624	324	4
627	317	4
630	314	4
633	299	4
635	299	4
638	303	4
641	296	4
644	305	4
647	293	4
650	285	4
653	303	4
656	294	4
658	314	4
661	313	4
664	315	4
667	320	4
670	297	4
673	299	4
676	327	4
679	303	4
682	312	4
684	281	4
687	317	4
690	293	4
693	297	4
696	308	4
699	309	4
702	285	4
705	299	4
707	299	4
710	306	4
713	327	4
716	300	4
719	287	4
722	309	4
725	269	4
728	318	4
730	284	4
