70	307	4
74	315	4
77	322	4
80	312	4
83	293	4
86	310	4
89	311	4
92	298	4
95	310	4
98	308	4
101	330	4
104	305	4
107	322	4
110	318	4
113	297	4
116	311	4
119	304	4
122	323	4
125	301	4
129	313	4
132	305	4
135	322	4
138	308	4
141	313	4
144	299	4
147	293	4
150	325	4
153	343	4
156	360	4
159	309	4
162	309	4
165	290	4
168	309	4
171	325	4
174	302	4
177	310	4
180	331	4
184	317	4
187	313	4
190	284	4
193	317	4
196	312	4
199	301	4
202	337	4
205	313	4
208	288	4
211	320	4
214	324	4
217	319	4
220	323	4
223	316	4
226	300	4
229	322	4
232	322	4
235	323	4
239	287	4
242	274	4
245	299	4
248	280	4
251	305	4
254	290	4
257	313	4
260	303	4
263	315	4
266	295	4
269	298	4
272	333	4
275	301	4
278	321	4
281	302	4
284	331	4
287	301	4
290	307	4
294	313	4
297	301	4
300	273	4
303	320	4
306	304	4
309	301	4
312	284	4
315	283	4
318	305	4
321	314	4
324	301	4
327	316	4
330	350	4
333	286	4
336	304	4
339	331	4
342	297	4
345	302	4
349	317	4
352	310	4
355	309	4
358	335	4
361	319	4
364	297	4
367	323	4
370	328	4
373	326	4
376	324	4
379	306	4
382	276	4
385	357	4
388	309	4
391	298	4
394	328	4
397	318	4
400	290	4
404	317	4
407	290	4
410	309	4
413	294	4
416	309	4
419	234	4
422	324	4
425	292	4
428	317	4
431	331	4
434	329	4
437	336	4
440	343	4
443	342	4
446	321	4
449	321	4
452	312	4
455	322	4
459	310	4
462	309	4
465	314	4
468	293	4
471	315	4
474	318	4
477	295	4
480	329	4
483	313	4
486	291	4
489	315	4
492	290	4
495	314	4
498	318	4
501	314	4
504	358	4
507	302	4
510	316	4
514	311	4
517	321	4
520	314	4
523	299	4
526	293	4
529	317	4
532	335	4
535	309	4
538	333	4
541	300	4
544	322	4
547	345	4
550	266	4
553	301	4
556	326	4
559	321	4
562	322	4
565	307	4
569	355	4
572	331	4
575	302	4
578	325	4
581	324	4
584	314	4
587	326	4
590	317	4
593	336	4
596	308	4
599	325	4
602	302	4
605	315	4
608	324	4
611	335	4
614	301	4
617	313	4
620	326	4
624	327	4
627	322	4
630	341	4
633	332	4
636	323	4
639	313	4
642	317	4
645	294	4
648	306	4
651	304	4
654	321	4
657	306	4
660	309	4
663	320	4
666	305	4
669	320	4
672	320	4
675	329	4
679	299	4
682	320	4
685	311	4
688	307	4
691	351	4
694	302	4
697	321	4
700	336	4
703	315	4
706	290	4
709	323	4
712	315	4
715	295	4
718	311	4
721	306	4
724	320	4
727	316	4
730	298	4
