70	291	4
73	307	4
76	307	4
79	323	4
82	288	4
85	303	4
88	294	4
91	291	4
94	303	4
96	315	4
99	300	4
102	311	4
105	297	4
108	315	4
111	299	4
114	317	4
117	315	4
119	312	4
122	324	4
125	294	4
128	287	4
131	303	4
134	297	4
137	326	4
140	309	4
143	314	4
145	305	4
148	302	4
151	325	4
154	359	4
157	319	4
160	313	4
163	293	4
166	297	4
168	301	4
171	307	4
174	310	4
177	324	4
180	308	4
183	324	4
186	327	4
189	317	4
192	307	4
194	334	4
197	297	4
200	295	4
203	320	4
206	324	4
209	324	4
212	291	4
215	310	4
217	307	4
220	298	4
223	306	4
226	313	4
229	329	4
232	300	4
235	304	4
238	322	4
241	287	4
243	323	4
246	315	4
249	321	4
252	292	4
255	303	4
258	312	4
261	257	4
264	300	4
266	306	4
269	302	4
272	324	4
275	283	4
278	306	4
281	325	4
284	330	4
287	321	4
290	287	4
292	312	4
295	311	4
298	312	4
301	304	4
304	314	4
307	294	4
310	319	4
313	313	4
315	308	4
318	293	4
321	286	4
324	297	4
327	324	4
330	323	4
333	329	4
336	305	4
339	306	4
341	317	4
344	278	4
347	321	4
350	309	4
353	321	4
356	303	4
359	303	4
362	297	4
364	309	4
367	313	4
370	311	4
373	313	4
376	305	4
379	320	4
382	294	4
385	320	4
388	306	4
390	298	4
393	279	4
396	313	4
399	304	4
402	311	4
405	322	4
408	312	4
411	309	4
413	309	4
416	319	4
419	315	4
422	297	4
425	282	4
428	319	4
431	323	4
434	326	4
437	310	4
439	306	4
442	306	4
445	308	4
448	319	4
451	314	4
454	307	4
457	328	4
460	307	4
462	313	4
465	328	4
468	307	4
471	308	4
474	322	4
477	320	4
480	307	4
483	312	4
486	313	4
488	317	4
491	302	4
494	297	4
497	303	4
500	300	4
503	293	4
506	300	4
509	310	4
511	311	4
514	323	4
517	287	4
520	296	4
523	315	4
526	332	4
529	298	4
532	298	4
535	313	4
537	311	4
540	282	4
543	306	4
546	313	4
549	296	4
552	312	4
555	311	4
558	308	4
560	309	4
563	286	4
566	306	4
569	317	4
572	294	4
575	316	4
578	307	4
581	309	4
584	308	4
586	300	4
589	316	4
592	335	4
595	318	4
598	296	4
601	306	4
604	303	4
607	304	4
609	287	4
612	311	4
615	305	4
618	313	4
621	298	4
624	283	4
627	315	4
630	313	4
633	318	4
635	310	4
638	298	4
641	293	4
644	292	4
647	304	4
650	297	4
653	326	4
656	321	4
658	305	4
661	302	4
664	300	4
667	305	4
670	316	4
673	320	4
676	307	4
679	319	4
682	306	4
684	319	4
687	310	4
690	304	4
693	286	4
696	305	4
699	314	4
702	287	4
705	322	4
707	325	4
710	314	4
713	313	4
716	313	4
719	313	4
722	313	4
725	310	4
728	310	4
730	322	4
